0.0 	 0.0 	 0.0 
0.0001402805611222445 	 1.0230893623053885 	 -0.022444889779558778 
0.000280561122244489 	 1.0463501838508398 	 -0.044889779559118125 
0.00042084168336673357 	 1.0697636748919008 	 -0.06733466933867746 
0.000561122244488978 	 1.0933107443123873 	 -0.08977955911823625 
0.0007014028056112225 	 1.1169720779603127 	 -0.11222444889779559 
0.0008416833667334671 	 1.1407282177959237 	 -0.13466933867735492 
0.0009819639278557115 	 1.164559641139736 	 -0.1571142284569137 
0.001122244488977956 	 1.1884468393170036 	 -0.17955911823647305 
0.0012625250501002007 	 1.2123703950142346 	 -0.2020040080160324 
0.001402805611222445 	 1.2363110576926006 	 -0.22444889779559118 
0.0015430861723446897 	 1.2602498164414953 	 -0.24689378757515051 
0.0016833667334669343 	 1.2841679697021542 	 -0.2693386773547093 
0.0018236472945891786 	 1.3080471913449878 	 -0.2917835671342686 
0.001963927855711423 	 1.3318695926437676 	 -0.3142284569138274 
0.0021042084168336676 	 1.3556177797537994 	 -0.3366733466933868 
0.002244488977955912 	 1.3792749063682268 	 -0.3591182364729461 
0.002384769539078157 	 1.4028247212953406 	 -0.3815631262525049 
0.0025250501002004014 	 1.4262516107688143 	 -0.4040080160320642 
0.0026653306613226456 	 1.449540635370926 	 -0.4264529058116236 
0.00280561122244489 	 1.472677561514854 	 -0.44889779559118237 
0.0029458917835671347 	 1.495648887495052 	 -0.4713426853707417 
0.0030861723446893793 	 1.5184418641735387 	 -0.4937875751503005 
0.003226452905811624 	 1.5410445104240549 	 -0.5162324649298599 
0.0033667334669338685 	 1.5634456235047125 	 -0.5386773547094191 
0.0035070140280561127 	 1.5856347845726984 	 -0.561122244488978 
0.0036472945891783573 	 1.6076023595914277 	 -0.5835671342685372 
0.003787575150300602 	 1.6293394959112033 	 -0.6060120240480961 
0.003927855711422846 	 1.6508381148289626 	 -0.6284569138276555 
0.004068136272545091 	 1.6720909004511215 	 -0.6509018036072147 
0.004208416833667335 	 1.6930912851962714 	 -0.6733466933867736 
0.00434869739478958 	 1.7138334322817017 	 -0.6957915831663328 
0.004488977955911824 	 1.734312215539949 	 -0.7182364729458922 
0.004629258517034069 	 1.7545231969092427 	 -0.740681362725451 
0.004769539078156314 	 1.774462601935261 	 -0.7631262525050103 
0.004909819639278558 	 1.794127293611647 	 -0.7855711422845691 
0.005050100200400803 	 1.8135147448737414 	 -0.8080160320641284 
0.005190380761523047 	 1.8326230100444378 	 -0.8304609218436872 
0.005330661322645291 	 1.8514506955136079 	 -0.8529058116232466 
0.005470941883767536 	 1.8699969299134578 	 -0.8753507014028059 
0.00561122244488978 	 1.8882613340321162 	 -0.8977955911823647 
0.005751503006012025 	 1.9062439906869684 	 -0.920240480961924 
0.0058917835671342695 	 1.9239454147582005 	 -0.9426853707414834 
0.006032064128256514 	 1.941366523562011 	 -0.9651302605210421 
0.006172344689378759 	 1.9585086077222476 	 -0.9875751503006015 
0.006312625250501003 	 1.9603287753895595 	 -0.9899799599198394 
0.006452905811623248 	 1.9432164955528741 	 -0.9675350701402804 
0.0065931863727454925 	 1.9258253503015057 	 -0.9450901803607211 
0.006733466933867737 	 1.908154010716634 	 -0.9226452905811621 
0.006873747494989981 	 1.8902015181017124 	 -0.900200400801603 
0.007014028056112225 	 1.871967313048858 	 -0.877755511022044 
0.00715430861723447 	 1.8534512650194674 	 -0.8553106212424848 
0.007294589178356715 	 1.8346537022824976 	 -0.8328657314629258 
0.007434869739478959 	 1.8155754420331807 	 -0.8104208416833665 
0.007575150300601204 	 1.7962178204939767 	 -0.7879759519038074 
0.007715430861723448 	 1.7765827227784872 	 -0.7655310621242483 
0.007855711422845692 	 1.756672612278241 	 -0.7430861723446893 
0.007995991983967938 	 1.7364905593120934 	 -0.72064128256513 
0.008136272545090181 	 1.71604026875877 	 -0.698196392785571 
0.008276553106212427 	 1.6953261063754335 	 -0.6757515030060117 
0.00841683366733467 	 1.6743531234893738 	 -0.6533066132264527 
0.008557114228456916 	 1.6531270797366313 	 -0.6308617234468934 
0.00869739478957916 	 1.6316544635110333 	 -0.6084168336673346 
0.008837675350701405 	 1.6099425097802964 	 -0.5859719438877752 
0.008977955911823649 	 1.5879992149230298 	 -0.5635270541082161 
0.009118236472945893 	 1.565833348242176 	 -0.5410821643286571 
0.009258517034068138 	 1.543454459817139 	 -0.518637274549098 
0.009398797595190382 	 1.520872884368925 	 -0.496192384769539 
0.009539078156312627 	 1.4980997408304684 	 -0.4737474949899796 
0.009679358717434871 	 1.4751469273381672 	 -0.45130260521042054 
0.009819639278557116 	 1.4520271113906418 	 -0.4288577154308615 
0.00995991983967936 	 1.4287537149569252 	 -0.40641282565130243 
0.010100200400801606 	 1.4053408943585648 	 -0.38396793587174305 
0.01024048096192385 	 1.3818035147982193 	 -0.361523046092184 
0.010380761523046095 	 1.3581571194608553 	 -0.33907815631262495 
0.010521042084168339 	 1.3344178931720452 	 -0.3166332665330659 
0.010661322645290582 	 1.310602620660363 	 -0.29418837675350684 
0.010801603206412828 	 1.2867286395366193 	 -0.27174348697394746 
0.010941883767535071 	 1.262813788170663 	 -0.2492985971943884 
0.011082164328657317 	 1.2388763487154495 	 -0.22685370741482935 
0.01122244488977956 	 1.2149349855969431 	 -0.2044088176352703 
0.011362725450901806 	 1.1910086798556527 	 -0.18196392785571092 
0.01150300601202405 	 1.1671166597899933 	 -0.15951903807615186 
0.011643286573146295 	 1.1432783284117016 	 -0.1370741482965928 
0.011783567134268539 	 1.119513188277961 	 -0.11462925851703376 
0.011923847695390784 	 1.0958407643123347 	 -0.09218436873747449 
0.012064128256513028 	 1.0722805252659982 	 -0.06973947895791544 
0.012204408817635272 	 1.048851804500966 	 -0.047294589178356605 
0.012344689378757517 	 1.0255737207973434 	 -0.02484969939879722 
0.012484969939879761 	 1.0024650998963052 	 -0.0024048096192381685 
0.012625250501002007 	 0.9795443974892701 	 0.020040080160321105 
0.01276553106212425 	 0.9568296243515709 	 0.042484969939879935 
0.012905811623246496 	 0.9343382742953521 	 0.06492985971943921 
0.01304609218436874 	 0.9120872555831032 	 0.08737474949899826 
0.013186372745490985 	 0.8900928263991859 	 0.10981963927855776 
0.013326653306613229 	 0.8683705349242973 	 0.13226452905811636 
0.013466933867735474 	 0.8469351644971325 	 0.15470941883767586 
0.013607214428857718 	 0.8258006842803642 	 0.1771543086172349 
0.013747494989979962 	 0.8049802057755667 	 0.19959919839679396 
0.013887775551102207 	 0.7844859454555267 	 0.22204408817635324 
0.01402805611222445 	 0.7643291937039769 	 0.24448897795591207 
0.014168336673346696 	 0.7445202901737036 	 0.26693386773547134 
0.01430861723446894 	 0.7250686055958133 	 0.2893787575150304 
0.014448897795591185 	 0.7059825299969134 	 0.3118236472945899 
0.01458917835671343 	 0.6872694672087876 	 0.3342685370741485 
0.014729458917835675 	 0.6689358354874702 	 0.356713426853708 
0.014869739478957918 	 0.650987073996957 	 0.37915831663326705 
0.015010020040080162 	 0.6334276548576065 	 0.4016032064128261 
0.015150300601202408 	 0.6162611004114208 	 0.42404809619238515 
0.015290581162324651 	 0.5994900053161357 	 0.4464929859719442 
0.015430861723446897 	 0.5831160630477372 	 0.4689378757515035 
0.01557114228456914 	 0.5671400963666307 	 0.4913827655310625 
0.015711422845691384 	 0.5515620912861177 	 0.5138276553106214 
0.01585170340681363 	 0.5363812340728079 	 0.5362725450901806 
0.015991983967935875 	 0.5215959508066583 	 0.5587174348697397 
0.01613226452905812 	 0.5072039490329934 	 0.5811623246492992 
0.016272545090180363 	 0.4932022610494746 	 0.6036072144288578 
0.016412825651302608 	 0.47958728838686415 	 0.6260521042084173 
0.016553106212424853 	 0.466354847062872 	 0.6484969939879766 
0.016693386773547095 	 0.4535002132125888 	 0.6709418837675354 
0.01683366733466934 	 0.44101816872629185 	 0.6933867735470947 
0.016973947895791586 	 0.42890304655501454 	 0.7158316633266539 
0.017114228456913832 	 0.41714877537547757 	 0.7382765531062134 
0.017254509018036074 	 0.4057489233381876 	 0.7607214428857716 
0.01739478957915832 	 0.39469674065505655 	 0.7831663326653309 
0.017535070140280565 	 0.38398520081532284 	 0.8056112224448904 
0.01767535070140281 	 0.3736070402502871 	 0.8280561122244496 
0.017815631262525052 	 0.36355479629812304 	 0.8505010020040085 
0.017955911823647298 	 0.35382084334936703 	 0.8729458917835677 
0.018096192384769543 	 0.3443974270813822 	 0.895390781563127 
0.018236472945891785 	 0.33527669671593685 	 0.9178356713426858 
0.01837675350701403 	 0.3264507352578687 	 0.9402805611222447 
0.018517034068136276 	 0.3179115876945421 	 0.962725450901804 
0.01865731462925852 	 0.3096512871553705 	 0.9851703406813632 
0.018797595190380764 	 0.30705410199184113 	 0.992384769539078 
0.01893787575150301 	 0.3152264636922333 	 0.9699398797595186 
0.019078156312625254 	 0.3236751131409876 	 0.9474949899799592 
0.0192184368737475 	 0.3324080157978635 	 0.9250501002003999 
0.019358717434869742 	 0.3414331332421586 	 0.9026052104208411 
0.019498997995991987 	 0.3507583976661117 	 0.8801603206412818 
0.019639278557114233 	 0.36039168433194013 	 0.857715430861723 
0.019779559118236475 	 0.37034078198740417 	 0.8352705410821643 
0.01991983967935872 	 0.38061336125366996 	 0.8128256513026049 
0.020060120240480966 	 0.39121694102027604 	 0.7903807615230455 
0.02020040080160321 	 0.40215885290518216 	 0.7679358717434862 
0.020340681362725453 	 0.41344620386308606 	 0.7454909819639274 
0.0204809619238477 	 0.42508583705230907 	 0.723046092184368 
0.020621242484969944 	 0.4370842910993986 	 0.7006012024048087 
0.02076152304609219 	 0.44944775793091885 	 0.6781563126252499 
0.02090180360721443 	 0.4621820393733579 	 0.6557114228456912 
0.021042084168336677 	 0.4752925027543319 	 0.6332665330661318 
0.021182364729458922 	 0.48878403577083596 	 0.6108216432865724 
0.021322645290581164 	 0.5026610009226659 	 0.5883767535070137 
0.02146292585170341 	 0.5169271898407308 	 0.5659318637274543 
0.021603206412825655 	 0.5315857778701771 	 0.543486973947895 
0.0217434869739479 	 0.5466392792963459 	 0.5210420841683356 
0.021883767535070143 	 0.5620895036268703 	 0.49859719438877687 
0.02202404809619239 	 0.5779375133649586 	 0.4761523046092181 
0.022164328657314634 	 0.594183583726327 	 0.45370741482965876 
0.02230460921843688 	 0.6108271647646388 	 0.4312625250500994 
0.02244488977955912 	 0.6278668463769493 	 0.4088176352705406 
0.022585170340681367 	 0.6453003266609016 	 0.3863727454909813 
0.022725450901803612 	 0.6631243840887189 	 0.36392785571142194 
0.022865731462925854 	 0.6813348539489443 	 0.34148296593186317 
0.0230060120240481 	 0.699926609485013 	 0.31903807615230384 
0.023146292585170345 	 0.7188935481299678 	 0.296593186372745 
0.02328657314629259 	 0.738228583198941 	 0.2741482965931857 
0.023426853707414833 	 0.7579236413555346 	 0.2517034068136269 
0.023567134268537078 	 0.7779696661153495 	 0.22925851703406758 
0.023707414829659323 	 0.7983566275902831 	 0.20681362725450822 
0.02384769539078157 	 0.8190735386112955 	 0.1843687374749489 
0.02398797595190381 	 0.8401084772965882 	 0.16192384769539012 
0.024128256513026056 	 0.8614486160571347 	 0.13947895791583076 
0.024268537074148302 	 0.8830802569539034 	 0.11703406813627198 
0.024408817635270544 	 0.9049888732421756 	 0.09458917835671321 
0.02454909819639279 	 0.9271591568595302 	 0.07214428857715387 
0.024689378757515035 	 0.949575071537035 	 0.04969939879759452 
0.02482965931863728 	 0.9722199111393224 	 0.027254509018035174 
0.024969939879759522 	 0.9950763627702021 	 0.004809619238476397 
0.025110220440881768 	 1.0181265741175958 	 -0.017635270541082947 
0.025250501002004013 	 1.0413522244562814 	 -0.040080160320642294 
0.02539078156312626 	 1.064734598680256 	 -0.06252505010020164 
0.0255310621242485 	 1.0882546636995016 	 -0.08496993987975984 
0.025671342685370746 	 1.111893146509265 	 -0.10741482965931919 
0.02581162324649299 	 1.13563061322411 	 -0.12985971943887853 
0.025951903807615233 	 1.159447548364203 	 -0.1523046092184373 
0.02609218436873748 	 1.183324433687549 	 -0.17474949899799666 
0.026232464929859724 	 1.2072418258787878 	 -0.197194388777556 
0.02637274549098197 	 1.2311804324323488 	 -0.21963927855711535 
0.026513026052104212 	 1.2551211851042412 	 -0.24208416833667412 
0.026653306613226457 	 1.279045310351778 	 -0.2645290581162329 
0.026793587174348703 	 1.3029343962328153 	 -0.2869739478957922 
0.026933867735470948 	 1.3267704552944948 	 -0.3094188376753516 
0.02707414829659319 	 1.3505359830445973 	 -0.3318637274549104 
0.027214428857715436 	 1.374214011665111 	 -0.3543086172344697 
0.02735470941883768 	 1.3977881586960694 	 -0.37675350701402904 
0.027494989979959923 	 1.4212426704868437 	 -0.3991983967935878 
0.02763527054108217 	 1.4445624602804745 	 -0.4216432865731472 
0.027775551102204414 	 1.4677331408632055 	 -0.44408817635270653 
0.02791583166332666 	 1.4907410517750685 	 -0.4665330661322653 
0.0280561122244489 	 1.5135732811371219 	 -0.4889779559118241 
0.028196392785571147 	 1.5362176822061282 	 -0.5114228456913834 
0.028336673346693392 	 1.5586628848173487 	 -0.5338677354709428 
0.028476953907815634 	 1.5808983019203184 	 -0.5563126252505015 
0.02861723446893788 	 1.602914131450623 	 -0.5787575150300609 
0.028757515030060125 	 1.6247013538126782 	 -0.6012024048096203 
0.02889779559118237 	 1.646251725274365 	 -0.6236472945891796 
0.029038076152304613 	 1.6675577675940656 	 -0.6460921843687378 
0.02917835671342686 	 1.6886127542146077 	 -0.6685370741482971 
0.029318637274549104 	 1.7094106933669557 	 -0.6909819639278565 
0.02945891783567135 	 1.729946308429816 	 -0.7134268537074158 
0.02959919839679359 	 1.7502150158898453 	 -0.7358717434869746 
0.029739478957915837 	 1.7702129012416004 	 -0.758316633266534 
0.029879759519038082 	 1.78993669315708 	 -0.7807615230460933 
0.030020040080160324 	 1.8093837362423217 	 -0.8032064128256521 
0.03016032064128257 	 1.8285519626834956 	 -0.8256513026052114 
0.030300601202404815 	 1.8474398630678013 	 -0.8480961923847702 
0.03044088176352706 	 1.8660464566457498 	 -0.8705410821643296 
0.030581162324649303 	 1.884371261281479 	 -0.8929859719438883 
0.030721442885771548 	 1.9024142633171226 	 -0.9154308617234477 
0.030861723446893793 	 1.9201758875561987 	 -0.937875751503007 
0.03100200400801604 	 1.9376569675499762 	 -0.9603206412825663 
0.03114228456913828 	 1.954858716349957 	 -0.9827655310621252 
0.03128256513026053 	 1.9639595658646716 	 -0.994789579158315 
0.03142284569138277 	 1.9469068366575453 	 -0.9723446893787573 
0.031563126252505014 	 1.9295755722282744 	 -0.949899799599198 
0.03170340681362726 	 1.9119643680461396 	 -0.9274549098196386 
0.031843687374749505 	 1.8940721836545658 	 -0.9050100200400792 
0.03198396793587175 	 1.8758983716088844 	 -0.8825651302605205 
0.032124248496993996 	 1.8574427069592492 	 -0.8601202404809606 
0.03226452905811624 	 1.8387054171264845 	 -0.8376753507014019 
0.03240480961923848 	 1.8196872119980974 	 -0.815230460921843 
0.032545090180360725 	 1.8003893140507836 	 -0.7927855711422842 
0.03268537074148297 	 1.7808134882846414 	 -0.7703406813627244 
0.032825651302605216 	 1.7609620717334402 	 -0.7478957915831657 
0.03296593186372746 	 1.740838002294914 	 -0.7254509018036057 
0.03310621242484971 	 1.7204448466056472 	 -0.7030060120240469 
0.03324649298597195 	 1.699786826667042 	 -0.6805611222444881 
0.03338677354709419 	 1.6788688449126739 	 -0.6581162324649293 
0.033527054108216436 	 1.6576965073934555 	 -0.6356713426853706 
0.03366733466933868 	 1.6362761447460303 	 -0.6132264529058107 
0.03380761523046093 	 1.614614830602188 	 -0.5907815631262519 
0.03394789579158317 	 1.592720397093366 	 -0.5683366733466919 
0.03408817635270542 	 1.570601447105036 	 -0.5458917835671332 
0.034228456913827664 	 1.548267362941302 	 -0.5234468937875733 
0.03436873747494991 	 1.5257283110710131 	 -0.5010020040080145 
0.03450901803607215 	 1.5029952426432192 	 -0.4785571142284568 
0.03464929859719439 	 1.480079889482365 	 -0.456112224448897 
0.03478957915831664 	 1.4569947553023201 	 -0.43366733466933816 
0.034929859719438884 	 1.433753101913127 	 -0.4112224448897782 
0.03507014028056113 	 1.4103689302354416 	 -0.3887775551102195 
0.035210420841683375 	 1.38685695598442 	 -0.36633266533065956 
0.03535070140280562 	 1.3632325799373064 	 -0.34388777555110084 
0.03549098196392786 	 1.3395118527562822 	 -0.321442885771542 
0.035631262525050104 	 1.3157114343999254 	 -0.2989979959919833 
0.03577154308617235 	 1.2918485482216746 	 -0.27655310621242446 
0.035911823647294595 	 1.267940929921343 	 -0.2541082164328645 
0.03605210420841684 	 1.2440067715845793 	 -0.2316633266533058 
0.036192384769539086 	 1.2200646611141432 	 -0.20921843687374586 
0.03633266533066133 	 1.1961335174246297 	 -0.18677354709418703 
0.03647294589178357 	 1.1722325218373013 	 -0.1643286573146283 
0.036613226452905816 	 1.1483810461728605 	 -0.14188376753506948 
0.03675350701402806 	 1.1245985780956833 	 -0.11943887775551076 
0.03689378757515031 	 1.1009046443120845 	 -0.09699398797595082 
0.03703406813627255 	 1.0773187322664124 	 -0.0745490981963921 
0.0371743486973948 	 1.0538602110109914 	 -0.052104208416832165 
0.03731462925851704 	 1.0305482519484885 	 -0.029659318637273335 
0.03745490981963928 	 1.0074017501571986 	 -0.0072144288577146165 
0.03759519038076153 	 0.984439247010984 	 0.015230460921844102 
0.03773547094188377 	 0.9616788547955898 	 0.03767535070140404 
0.03787575150300602 	 0.9391381840021845 	 0.06012024048096287 
0.03801603206412826 	 0.916834273947371 	 0.0825651302605217 
0.03815631262525051 	 0.894783527327357 	 0.10501002004008164 
0.038296593186372754 	 0.8730016492631358 	 0.12745490981964025 
0.038436873747495 	 0.8515035913345342 	 0.1498997995992002 
0.03857715430861724 	 0.8303035010351579 	 0.1723446893787579 
0.038717434869739484 	 0.8094146770087154 	 0.19478957915831785 
0.03885771543086173 	 0.7888495303517891 	 0.21723446893787668 
0.038997995991983975 	 0.7686195521899305 	 0.2396793587174364 
0.03913827655310622 	 0.7487352876550142 	 0.2621242484969952 
0.039278557114228466 	 0.7292063163132061 	 0.28456913827655406 
0.03941883767535071 	 0.710041239016336 	 0.307014028056114 
0.03955911823647295 	 0.6912476710763837 	 0.3294589178356715 
0.039699398797595195 	 0.6728322415939822 	 0.35190380761523143 
0.03983967935871744 	 0.6548005987089088 	 0.37434869739479026 
0.039979959919839686 	 0.6371574204838076 	 0.3967935871743502 
0.04012024048096193 	 0.6199064310829907 	 0.41923847695390903 
0.04026052104208418 	 0.6030504218661874 	 0.44168336673346786 
0.04040080160320642 	 0.5865912769831327 	 0.4641282565130276 
0.04054108216432866 	 0.5705300030287745 	 0.4865731462925853 
0.040681362725450906 	 0.5548667623006498 	 0.5090180360721452 
0.04082164328657315 	 0.5396009091894051 	 0.5314629258517041 
0.0409619238476954 	 0.5247310292299576 	 0.553907815631264 
0.04110220440881764 	 0.5102549803441607 	 0.5763527054108226 
0.04124248496993989 	 0.496169935815175 	 0.5987975951903826 
0.041382765531062134 	 0.4824724285486025 	 0.6212424849699414 
0.04152304609218438 	 0.46915839619492106 	 0.6436873747495002 
0.04166332665330662 	 0.45622322673127524 	 0.6661322645290588 
0.04180360721442886 	 0.44366180412732925 	 0.6885771543086177 
0.04194388777555111 	 0.4314685537490758 	 0.7110220440881776 
0.042084168336673354 	 0.41963748718540383 	 0.7334669338677364 
0.0422244488977956 	 0.4081622462142809 	 0.7559118236472964 
0.042364729458917845 	 0.39703614565793155 	 0.7783567134268552 
0.04250501002004009 	 0.3862522149088643 	 0.8008016032064149 
0.04264529058116233 	 0.37580323794055914 	 0.8232464929859726 
0.042785571142284574 	 0.36568179164757364 	 0.8456913827655315 
0.04292585170340682 	 0.3558802823895256 	 0.8681362725450914 
0.043066132264529065 	 0.34639098064145757 	 0.89058116232465 
0.04320641282565131 	 0.3372060536793485 	 0.91302605210421 
0.043346693386773556 	 0.3283175962538256 	 0.9354709418837688 
0.0434869739478958 	 0.319717659227283 	 0.9579158316633287 
0.04362725450901804 	 0.31139827616969296 	 0.9803607214428864 
0.043767535070140286 	 0.3053380635680457 	 0.9971943887775537 
0.04390781563126253 	 0.31345225560921885 	 0.974749498997995 
0.04404809619238478 	 0.32184103030315947 	 0.9523046092184362 
0.04418837675350702 	 0.3305123508167406 	 0.9298597194388762 
0.04432865731462927 	 0.3394741816389455 	 0.9074148296593175 
0.04446893787575151 	 0.34873446350832327 	 0.8849699398797576 
0.04460921843687376 	 0.3583010863074201 	 0.8625250501001988 
0.044749498997996 	 0.3681818599153238 	 0.84008016032064 
0.04488977955911824 	 0.3783844830278503 	 0.8176352705410812 
0.04503006012024049 	 0.3889165099754993 	 0.7951903807615225 
0.04517034068136273 	 0.399785315592018 	 0.7727454909819625 
0.04531062124248498 	 0.41099805821117985 	 0.7503006012024038 
0.045450901803607224 	 0.422561640896129 	 0.7278557114228439 
0.04559118236472947 	 0.43448267103411564 	 0.7054108216432851 
0.04573146292585171 	 0.44676741845948964 	 0.6829659318637263 
0.045871743486973954 	 0.45942177229905856 	 0.6605210420841675 
0.0460120240480962 	 0.47245119676604075 	 0.6380761523046077 
0.046152304609218445 	 0.4858606861613718 	 0.6156312625250489 
0.04629258517034069 	 0.4996547193736115 	 0.59318637274549 
0.046432865731462936 	 0.513837214200479 	 0.5707414829659302 
0.04657314629258518 	 0.5284114818456289 	 0.5482965931863714 
0.04671342685370742 	 0.5433801819728801 	 0.5258517034068126 
0.046853707414829665 	 0.5587452787260523 	 0.5034068136272538 
0.04699398797595191 	 0.5745079981451411 	 0.48096192384769393 
0.047134268537074156 	 0.5906687874279575 	 0.45851703406813515 
0.0472745490981964 	 0.607227276499907 	 0.4360721442885752 
0.04741482965931865 	 0.624182242362475 	 0.41362725450901644 
0.04755511022044089 	 0.6415315766927071 	 0.39118236472945767 
0.04769539078156314 	 0.6592722571607588 	 0.3687374749498978 
0.047835671342685376 	 0.6774003229201249 	 0.3462925851703401 
0.04797595190380762 	 0.695910854705006 	 0.32384769539078023 
0.04811623246492987 	 0.7147979599411358 	 0.30140280561122146 
0.04825651302605211 	 0.7340547632404726 	 0.2789579158316615 
0.04839679358717436 	 0.7536734026062317 	 0.25651302605210274 
0.048537074148296604 	 0.7736450316234921 	 0.23406813627254397 
0.04867735470941885 	 0.7939598278522281 	 0.21162324649298406 
0.04881763527054109 	 0.8146070075751737 	 0.18917835671342642 
0.04895791583166333 	 0.8355748469829088 	 0.1667334669338665 
0.04909819639278558 	 0.8568507098044806 	 0.14428857715430773 
0.049238476953907824 	 0.8784210813147266 	 0.12184368737474781 
0.04937875751503007 	 0.9002716085705944 	 0.09939879759518903 
0.049519038076152315 	 0.9223871466498845 	 0.07695390781562912 
0.04965931863727456 	 0.9447518105882036 	 0.05450901803607035 
0.0497995991983968 	 0.9673490326353087 	 0.032064128256512704 
0.049939879759519044 	 0.9901616243817981 	 0.009619238476952794 
0.05008016032064129 	 1.013171843242805 	 -0.012825651302605986 
0.050220440881763535 	 1.036361462728369 	 -0.035270541082165895 
0.05036072144288578 	 1.0597118458814796 	 -0.057715430861724676 
0.050501002004008026 	 1.0832040212256897 	 -0.08016032064128459 
0.05064128256513027 	 1.1068187605352002 	 -0.10260521042084336 
0.05078156312625252 	 1.1305366577221718 	 -0.12505010020040327 
0.050921843687374756 	 1.1543382081287918 	 -0.1474949899799609 
0.051062124248497 	 1.1782038875155805 	 -0.16993987975951969 
0.05120240480961925 	 1.2021142300520307 	 -0.1923847695390796 
0.05134268537074149 	 1.2260499046407354 	 -0.21482965931863837 
0.05148296593186374 	 1.2499917889407344 	 -0.23727454909819828 
0.05162324649298598 	 1.2739210404990344 	 -0.25971943887775706 
0.05176352705410823 	 1.2978191644501753 	 -0.282164328657317 
0.05190380761523047 	 1.321668077300818 	 -0.3046092184368746 
0.05204408817635271 	 1.3454501663786593 	 -0.32705410821643455 
0.05218436873747496 	 1.369148344590746 	 -0.3494989979959933 
0.0523246492985972 	 1.3927461002045598 	 -0.3719438877755521 
0.05246492985971945 	 1.4162275414341892 	 -0.394388777555112 
0.052605210420841694 	 1.4395774356826583 	 -0.41683366733467075 
0.05274549098196394 	 1.4627812433585397 	 -0.4392785571142307 
0.05288577154308618 	 1.485825146249306 	 -0.46172344689378836 
0.053026052104208424 	 1.5086960704946328 	 -0.48416833667334824 
0.05316633266533067 	 1.5313817042589837 	 -0.5066132264529071 
0.053306613226452915 	 1.5538705102539936 	 -0.5290581162324658 
0.05344689378757516 	 1.5761517333064896 	 -0.5515030060120257 
0.053587174348697406 	 1.5982154032075342 	 -0.5739478957915845 
0.05372745490981965 	 1.6200523331111807 	 -0.5963927855711444 
0.053867735470941897 	 1.641654113778718 	 -0.6188376753507032 
0.054008016032064135 	 1.6630131039852911 	 -0.6412825651302619 
0.05414829659318638 	 1.6841224174208425 	 -0.6637274549098208 
0.054288577154308626 	 1.7049759064269008 	 -0.6861723446893806 
0.05442885771543087 	 1.7255681429150675 	 -0.7086172344689394 
0.05456913827655312 	 1.7458943968125886 	 -0.7310621242484981 
0.05470941883767536 	 1.7659506123756474 	 -0.7535070140280581 
0.05484969939879761 	 1.7857333827025164 	 -0.7759519038076169 
0.054989979959919846 	 1.8052399227669267 	 -0.7983967935871756 
0.05513026052104209 	 1.824468041277492 	 -0.8208416833667345 
0.05527054108216434 	 1.8434161116523335 	 -0.8432865731462944 
0.05541082164328658 	 1.862083042379607 	 -0.8657314629258531 
0.05555110220440883 	 1.8804682470149354 	 -0.8881763527054131 
0.055691382765531074 	 1.8985716140462112 	 -0.9106212424849718 
0.05583166332665332 	 1.9163934768352902 	 -0.9330661322645306 
0.05597194388777556 	 1.9339345838249917 	 -0.9555110220440893 
0.0561122244488978 	 1.951196069178991 	 -0.9779559118236482 
0.05625250501002005 	 1.9675776452456333 	 -0.9995991983967919 
0.056392785571142294 	 1.9505843866539512 	 -0.9771543086172332 
0.05653306613226454 	 1.9333129384497925 	 -0.9547094188376732 
0.056673346693386785 	 1.915761821788618 	 -0.9322645290581144 
0.05681362725450903 	 1.8979299157830793 	 -0.9098196392785557 
0.05695390781563127 	 1.8798164863060873 	 -0.887374749498997 
0.057094188376753514 	 1.8614212153690335 	 -0.8649298597194381 
0.05723446893787576 	 1.8427442309272728 	 -0.8424849699398782 
0.057374749498998005 	 1.823786136944551 	 -0.8200400801603195 
0.05751503006012025 	 1.804548043527189 	 -0.7975951903807595 
0.057655310621242496 	 1.7850315969177841 	 -0.7751503006012008 
0.05779559118236474 	 1.7652390091171863 	 -0.7527054108216409 
0.05793587174348699 	 1.7451730868830557 	 -0.7302605210420821 
0.058076152304609226 	 1.7248372598335857 	 -0.7078156312625244 
0.05821643286573147 	 1.70423560736665 	 -0.6853707414829645 
0.05835671342685372 	 1.6833728840879607 	 -0.6629258517034058 
0.05849699398797596 	 1.6622545434273883 	 -0.6404809619238458 
0.05863727454909821 	 1.6408867591109906 	 -0.618036072144287 
0.05877755511022045 	 1.6192764441478271 	 -0.5955911823647271 
0.0589178356713427 	 1.5974312669861157 	 -0.5731462925851684 
0.05905811623246494 	 1.5753596644929182 	 -0.5507014028056096 
0.05919839679358718 	 1.5530708514161171 	 -0.5282565130260508 
0.05933867735470943 	 1.530574825997134 	 -0.505811623246492 
0.05947895791583167 	 1.5078823714181897 	 -0.48336673346693215 
0.05961923847695392 	 1.485005052789178 	 -0.4609218436873733 
0.059759519038076164 	 1.4619552094065236 	 -0.4384769539078134 
0.05989979959919841 	 1.4387459420500064 	 -0.41603206412825466 
0.06004008016032065 	 1.4153910951231432 	 -0.39358717434869583 
0.060180360721442894 	 1.3919052334884363 	 -0.3711422845691371 
0.06032064128256514 	 1.3683036139000018 	 -0.3486973947895772 
0.060460921843687385 	 1.34460215099252 	 -0.32625250501001846 
0.06060120240480963 	 1.32081737784624 	 -0.3038076152304596 
0.060741482965931876 	 1.2969664012123079 	 -0.2813627254508997 
0.06088176352705412 	 1.2730668515497796 	 -0.25891783567134097 
0.061022044088176366 	 1.2491368280944135 	 -0.23647294589178103 
0.061162324649298605 	 1.2251948392484269 	 -0.21402805611222342 
0.06130260521042085 	 1.2012597386484323 	 -0.19158316633266348 
0.061442885771543096 	 1.1773506573346584 	 -0.16913827655310465 
0.06158316633266534 	 1.1534869325064998 	 -0.14669338677354593 
0.06172344689378759 	 1.1296880334065582 	 -0.12424849699398599 
0.06186372745490983 	 1.1059734849258436 	 -0.10180360721442727 
0.06200400801603208 	 1.0823627895657921 	 -0.07935871743486733 
0.062144288577154316 	 1.058875348427067 	 -0.05691382765530972 
0.06228456913827656 	 1.0355303819196686 	 -0.03446893787574978 
0.06242484969939881 	 1.0123468509032887 	 -0.012024048096190953 
0.06256513026052106 	 0.9893433789702267 	 0.010420841683369986 
0.0627054108216433 	 0.966538176575732 	 0.032865731462927705 
0.06284569138276554 	 0.9439489677019406 	 0.055310621242485425 
0.06298597194388779 	 0.9215929197123647 	 0.07775551102204648 
0.06312625250501003 	 0.8994865770143023 	 0.10020040080160397 
0.06326653306613228 	 0.8776457990975851 	 0.12264529058116502 
0.06340681362725452 	 0.8560857034609197 	 0.14509018036072274 
0.06354709418837677 	 0.834820613872314 	 0.1675350701402838 
0.06368737474949901 	 0.8138640143399569 	 0.1899799599198415 
0.06382765531062125 	 0.793228509094896 	 0.21242484969940012 
0.0639679358717435 	 0.7729257888094099 	 0.23486973947895895 
0.06410821643286574 	 0.7529666031958433 	 0.2573146292585178 
0.06424849699398799 	 0.7333607400520259 	 0.27975951903807883 
0.06438877755511023 	 0.714117010742219 	 0.30220440881763766 
0.06452905811623248 	 0.6952432420286088 	 0.32464929859719627 
0.06466933867735472 	 0.6767462740985837 	 0.3470941883767551 
0.06480961923847696 	 0.6586319645686993 	 0.3695390781563139 
0.06494989979959921 	 0.6409051981881826 	 0.391983967935875 
0.06509018036072145 	 0.6235699019137642 	 0.41442885771543136 
0.0652304609218437 	 0.6066290649840335 	 0.4368737474949924 
0.06537074148296594 	 0.5900847635858774 	 0.45931863727455124 
0.0655110220440882 	 0.5739381896776204 	 0.4817635270541101 
0.06565130260521043 	 0.5581896835137623 	 0.5042084168336689 
0.06579158316633267 	 0.5428387694038644 	 0.5266533066132275 
0.06593186372745492 	 0.527884194233281 	 0.5490981963927886 
0.06607214428857716 	 0.5133239682753364 	 0.5715430861723452 
0.06621242484969941 	 0.4991554078326421 	 0.5939879759519062 
0.06635270541082165 	 0.4853751792590578 	 0.616432865731465 
0.0664929859719439 	 0.4719793439322423 	 0.6388777555110237 
0.06663326653306614 	 0.45896340376956013 	 0.6613226452905825 
0.06677354709418838 	 0.44632234690608275 	 0.6837675350701413 
0.06691382765531063 	 0.43405069318215783 	 0.7062124248497024 
0.06705410821643287 	 0.422142539118616 	 0.728657314629259 
0.06719438877755513 	 0.4105916020895184 	 0.7511022044088198 
0.06733466933867736 	 0.3993912634348882 	 0.7735470941883786 
0.06747494989979962 	 0.3885346102882977 	 0.7959919839679375 
0.06761523046092185 	 0.37801447592637727 	 0.8184368737474963 
0.0677555110220441 	 0.3678234784784653 	 0.8408817635270551 
0.06789579158316635 	 0.357954057864607 	 0.863326653306616 
0.06803607214428858 	 0.3483985108585613 	 0.8857715430861726 
0.06817635270541084 	 0.3391490241990933 	 0.9082164328657336 
0.06831663326653307 	 0.33019770569760465 	 0.9306613226452924 
0.06845691382765533 	 0.3215366133127069 	 0.9531062124248535 
0.06859719438877757 	 0.3131577821829312 	 0.9755511022044099 
0.06873747494989982 	 0.3050532496270312 	 0.9979959919839709 
0.06887775551102206 	 0.31169065582334177 	 0.9795591182364702 
0.0690180360721443 	 0.32001992150227554 	 0.9571142284569137 
0.06915831663326655 	 0.32863002568041644 	 0.9346693386773527 
0.06929859719438879 	 0.3375289346052335 	 0.9122244488977939 
0.06943887775551104 	 0.3467245963169776 	 0.8897795591182328 
0.06957915831663328 	 0.3562249139800856 	 0.8673346693386763 
0.06971943887775553 	 0.36603771717314004 	 0.8448897795591153 
0.06985971943887777 	 0.3761707311427457 	 0.8224448897795565 
0.07 	 0.3866315440469039 	 0.8000000000000012 
