0.0 	 1.0 
7e-05 	 1.0113376456364915 
0.00014 	 1.0227196694892757 
0.00020999999999999998 	 1.0341438027502714 
0.00028 	 1.0456077534660446 
0.00034999999999999994 	 1.0571092088691998 
0.00041999999999999996 	 1.068645837738359 
0.00049 	 1.080215292781377 
0.00056 	 1.0918152130364236 
0.0006299999999999999 	 1.1034432262854919 
0.0006999999999999999 	 1.1150969514749107 
0.00077 	 1.126774001137445 
0.0008399999999999999 	 1.1384719838105897 
0.0009099999999999999 	 1.1501885064457291 
0.00098 	 1.1619211768028999 
0.00105 	 1.1736676058259852 
0.00112 	 1.1854254099932893 
0.0011899999999999999 	 1.1971922136385578 
0.0012599999999999998 	 1.208965651237663 
0.0013299999999999998 	 1.2207433696563408 
0.0013999999999999998 	 1.2325230303545203 
0.00147 	 1.244302311543018 
0.00154 	 1.256078910288526 
0.0016099999999999999 	 1.2678505445630843 
0.0016799999999999999 	 1.2796149552344165 
0.0017499999999999998 	 1.2913699079937748 
0.0018199999999999998 	 1.3031131952181543 
0.0018899999999999998 	 1.314842637764017 
0.00196 	 1.3265560866898927 
0.0020299999999999997 	 1.3382514249055009 
0.0021 	 1.349926568745303 
0.0021699999999999996 	 1.3615794694646246 
0.00224 	 1.3732081146568094 
0.00231 	 1.3848105295900557 
0.0023799999999999997 	 1.3963847784629142 
0.00245 	 1.4079289655776357 
0.0025199999999999997 	 1.419441236430823 
0.00259 	 1.4309197787210992 
0.0026599999999999996 	 1.4423628232737267 
0.00273 	 1.4537686448823497 
0.0027999999999999995 	 1.465135563068264 
0.0028699999999999997 	 1.476461942757828 
0.00294 	 1.4877461948788255 
0.0030099999999999997 	 1.4989867768768135 
0.00308 	 1.5101821931526414 
0.0031499999999999996 	 1.521330995422531 
0.0032199999999999998 	 1.5324317830022531 
0.0032899999999999995 	 1.543483203017093 
0.0033599999999999997 	 1.554483950539446 
0.00343 	 1.5654327686560028 
0.0034999999999999996 	 1.5763284484665996 
0.00357 	 1.5871698290169367 
0.0036399999999999996 	 1.5979557971674265 
0.0037099999999999998 	 1.6086852874005437 
0.0037799999999999995 	 1.6193572815691153 
0.0038499999999999997 	 1.6299708085880291 
0.00392 	 1.640524944071921 
0.00399 	 1.65101880992141 
0.004059999999999999 	 1.661451573860488 
0.00413 	 1.671822448927706 
0.0042 	 1.682130692923773 
0.0042699999999999995 	 1.6923756078182202 
0.004339999999999999 	 1.702556539117753 
0.00441 	 1.7126728751988978 
0.00448 	 1.7227240466075364 
0.004549999999999999 	 1.7327095253278832 
0.00462 	 1.7426288240234222 
0.00469 	 1.7524814952522811 
0.0047599999999999995 	 1.762267130659471 
0.004829999999999999 	 1.7719853601483533 
0.0049 	 1.7816358510336618 
0.00497 	 1.7912183071783194 
0.005039999999999999 	 1.8007324681162369 
0.00511 	 1.8101781081632131 
0.00518 	 1.8195550355179675 
0.0052499999999999995 	 1.8288630913552852 
0.005319999999999999 	 1.838102148913161 
0.00539 	 1.8472721125757536 
0.00546 	 1.856372916953886 
0.005529999999999999 	 1.8654045259647558 
0.005599999999999999 	 1.8743669319124112 
0.00567 	 1.8832601545705132 
0.0057399999999999994 	 1.8920842402687723 
0.005809999999999999 	 1.9008392609844176 
0.00588 	 1.9095253134399404 
0.0059499999999999996 	 1.9181425182082976 
0.006019999999999999 	 1.9266910188266761 
0.006089999999999999 	 1.9351709809198407 
0.00616 	 1.9435825913340277 
0.006229999999999999 	 1.9519260572822552 
0.006299999999999999 	 1.9483586162763982 
0.00637 	 1.9399859722015058 
0.0064399999999999995 	 1.931545092415508 
0.006509999999999999 	 1.9230357783301173 
0.006579999999999999 	 1.914457852088673 
0.00665 	 1.905811157425826 
0.006719999999999999 	 1.8970955605382755 
0.006789999999999999 	 1.8883109509656508 
0.00686 	 1.879457242480545 
0.0069299999999999995 	 1.8705343739866476 
0.006999999999999999 	 1.8615423104238413 
0.007069999999999999 	 1.8524810436790458 
0.00714 	 1.8433505935015235 
0.007209999999999999 	 1.8341510084212787 
0.007279999999999999 	 1.8248823666690916 
0.00735 	 1.8155447770966742 
0.0074199999999999995 	 1.8061383800953186 
0.007489999999999999 	 1.7966633485113677 
0.007559999999999999 	 1.787119888556727 
0.00763 	 1.7775082407125726 
0.007699999999999999 	 1.767828680624337 
0.007769999999999999 	 1.758081519985962 
0.00784 	 1.7482671074113578 
0.007909999999999999 	 1.7383858292909107 
0.00798 	 1.7284381106308355 
0.00805 	 1.7184244158730935 
0.008119999999999999 	 1.7083452496935312 
0.00819 	 1.69820115777585 
0.00826 	 1.687992727558961 
0.008329999999999999 	 1.6777205889552183 
0.0084 	 1.6673854150370109 
0.00847 	 1.6569879226891313 
0.008539999999999999 	 1.6465288732243266 
0.00861 	 1.6360090729594114 
0.008679999999999998 	 1.6254293737493117 
0.008749999999999999 	 1.614790673476401 
0.00882 	 1.604093916492496 
0.008889999999999999 	 1.5933400940108897 
0.00896 	 1.5825302444458273 
0.00903 	 1.5716654536968537 
0.009099999999999999 	 1.5607468553755184 
0.00917 	 1.5497756309719595 
0.00924 	 1.538753009958968 
0.009309999999999999 	 1.5276802698312058 
0.00938 	 1.5165587360773227 
0.009449999999999998 	 1.505389782082851 
0.009519999999999999 	 1.4941748289618237 
0.00959 	 1.4829153453152206 
0.009659999999999998 	 1.471612846914463 
0.009729999999999999 	 1.4602688963083228 
0.0098 	 1.4488851023517788 
0.009869999999999999 	 1.437463119655515 
0.00994 	 1.4260046479549324 
0.01001 	 1.4145114313977485 
0.010079999999999999 	 1.4029852577494437 
0.01015 	 1.391427957516033 
0.01022 	 1.379841402983868 
0.010289999999999999 	 1.3682275071763783 
0.01036 	 1.3565882227279293 
0.010429999999999998 	 1.3449255406751894 
0.010499999999999999 	 1.3332414891666535 
0.01057 	 1.321538132091248 
0.010639999999999998 	 1.3098175676271548 
0.010709999999999999 	 1.298081926712293 
0.01078 	 1.2863333714381466 
0.010849999999999999 	 1.2745740933688738 
0.01092 	 1.2628063117879225 
0.01099 	 1.251032271874618 
0.011059999999999999 	 1.2392542428134525 
0.01113 	 1.2274745158390639 
0.011199999999999998 	 1.2156954022201276 
0.011269999999999999 	 1.203919231185637 
0.01134 	 1.1921483477972756 
0.011409999999999998 	 1.1803851107717975 
0.011479999999999999 	 1.1686318902575634 
0.01155 	 1.1568910655695581 
0.011619999999999998 	 1.1451650228874135 
0.011689999999999999 	 1.133456152921126 
0.01176 	 1.1217668485493242 
0.011829999999999999 	 1.1100995024350568 
0.011899999999999999 	 1.0984565046242238 
0.01197 	 1.086840240131851 
0.012039999999999999 	 1.0752530865215124 
0.01211 	 1.0636974114832454 
0.012179999999999998 	 1.0521755704153735 
0.012249999999999999 	 1.0406899040156632 
0.01232 	 1.029242735887233 
0.012389999999999998 	 1.0178363701646405 
0.012459999999999999 	 1.0064730891655067 
0.01253 	 1.0 
0.012599999999999998 	 0.9838847876543692 
0.012669999999999999 	 0.9726642020207886 
0.01274 	 0.9614955664332739 
0.012809999999999998 	 0.9503810201597995 
0.012879999999999999 	 0.939322667388157 
0.01295 	 0.9283225751991384 
0.013019999999999999 	 0.9173827716043718 
0.01309 	 0.9065052436529328 
0.013159999999999998 	 0.8956919356106263 
0.013229999999999999 	 0.8849447472155945 
0.0133 	 0.8742655320136699 
0.013369999999999998 	 0.8636560957765973 
0.013439999999999999 	 0.8531181950060105 
0.01351 	 0.8426535355257525 
0.013579999999999998 	 0.8322637711648291 
0.013649999999999999 	 0.8219505025330148 
0.01372 	 0.8117152758908225 
0.013789999999999998 	 0.8015595821152354 
0.013859999999999999 	 0.7914848557623233 
0.013929999999999998 	 0.7814924742275481 
0.013999999999999999 	 0.7715837570042607 
0.01407 	 0.7617599650406165 
0.014139999999999998 	 0.7520223001948227 
0.014209999999999999 	 0.7423719047883529 
0.01428 	 0.7328098612565033 
0.014349999999999998 	 0.7233371918953573 
0.014419999999999999 	 0.7139548587040041 
0.01449 	 0.7046637633205813 
0.014559999999999998 	 0.6954647470504784 
0.014629999999999999 	 0.6863585909848112 
0.0147 	 0.6773460162070669 
0.014769999999999998 	 0.6684276840856043 
0.014839999999999999 	 0.659604196649521 
0.014909999999999998 	 0.6508760970452194 
0.014979999999999999 	 0.642243870070838 
0.01505 	 0.6337079427855834 
0.015119999999999998 	 0.6252686851908579 
0.015189999999999999 	 0.6169264109799739 
0.01526 	 0.6086813783531353 
0.015329999999999998 	 0.6005337908942926 
0.015399999999999999 	 0.5924837985064102 
0.01547 	 0.584531498401616 
0.015539999999999998 	 0.5766769361426843 
0.015609999999999999 	 0.5689201067322581 
0.01568 	 0.5612609557462169 
0.01575 	 0.55369938050759 
0.015819999999999997 	 0.5462352312974298 
0.015889999999999998 	 0.538868312599085 
0.01596 	 0.531598384372353 
0.01603 	 0.524425163354026 
0.0161 	 0.5173483243814156 
0.016169999999999997 	 0.5103675017355015 
0.016239999999999997 	 0.503482290500416 
0.016309999999999998 	 0.49669224793607747 
0.01638 	 0.4899968948608521 
0.01645 	 0.4833957170412382 
0.01652 	 0.47688816658566013 
0.016589999999999997 	 0.47047366333956653 
0.016659999999999998 	 0.46415159627913793 
0.01673 	 0.4579213249010292 
0.0168 	 0.4517821806056801 
0.01687 	 0.44573346807185577 
0.01694 	 0.43977446662020114 
0.017009999999999997 	 0.4339044315637056 
0.017079999999999998 	 0.42812259554311227 
0.01715 	 0.422428169845424 
0.01722 	 0.41682034570377413 
0.01729 	 0.41129829557707 
0.017359999999999997 	 0.40586117440792224 
0.017429999999999998 	 0.40050812085750076 
0.017499999999999998 	 0.3952382585160771 
0.01757 	 0.3900506970881239 
0.01764 	 0.3849445335509589 
0.01771 	 0.37991885328602804 
0.017779999999999997 	 0.3749727311820328 
0.017849999999999998 	 0.37010523270920215 
0.01792 	 0.3653154149641278 
0.01799 	 0.3606023276846473 
0.01806 	 0.35596501423438787 
0.018129999999999997 	 0.35140251255664146 
0.018199999999999997 	 0.34691385609734293 
0.018269999999999998 	 0.3424980746970052 
0.01834 	 0.33815419545152337 
0.01841 	 0.33388124354185955 
0.01848 	 0.32967824303266 
0.018549999999999997 	 0.32554421763994257 
0.018619999999999998 	 0.32147819146803847 
0.01869 	 0.3174791897160356 
0.01876 	 0.31466325616687985 
0.01883 	 0.3186149791949806 
0.018899999999999997 	 0.3226330314026561 
0.018969999999999997 	 0.32671838639307604 
0.019039999999999998 	 0.33087201935025845 
0.01911 	 0.33509490635423334 
0.01918 	 0.3393880236659137 
0.01925 	 0.3437523469813909 
0.019319999999999997 	 0.3481888506554274 
0.019389999999999998 	 0.3526985068939732 
0.019459999999999998 	 0.35728228491559477 
0.01953 	 0.36194115008177097 
0.0196 	 0.3666760629960789 
0.01967 	 0.3714879785723689 
0.019739999999999997 	 0.3763778450720985 
0.019809999999999998 	 0.3813466031110875 
0.01988 	 0.38639518463602696 
0.01995 	 0.3915245118711821 
0.02002 	 0.3967354962358103 
0.020089999999999997 	 0.4020290372329125 
0.020159999999999997 	 0.4074060213100499 
0.020229999999999998 	 0.41286732069304033 
0.0203 	 0.41841379219348374 
0.02037 	 0.42404627599115285 
0.02044 	 0.42976559439241147 
0.020509999999999997 	 0.43557255056593847 
0.020579999999999998 	 0.441467927257149 
0.020649999999999998 	 0.44745248548282834 
0.02072 	 0.453526963207618 
0.02079 	 0.45969207400410883 
0.020859999999999997 	 0.46594850569842916 
0.020929999999999997 	 0.4722969190033365 
0.020999999999999998 	 0.4787379461409339 
0.02107 	 0.4852721894572808 
0.02114 	 0.4919002200312612 
0.02121 	 0.49862257628020856 
0.021279999999999997 	 0.5054397625649032 
0.021349999999999997 	 0.5123522477966607 
0.021419999999999998 	 0.5193604640493505 
0.02149 	 0.5264648051792893 
0.02156 	 0.5336656254560435 
0.021629999999999996 	 0.5409632382072809 
0.021699999999999997 	 0.5483579144808925 
0.021769999999999998 	 0.5558498817276849 
0.02184 	 0.563439322508025 
0.02191 	 0.5711263732258685 
0.02198 	 0.5789111228936662 
0.022049999999999997 	 0.5867936119316881 
0.022119999999999997 	 0.5947738310053262 
0.022189999999999998 	 0.6028517199039727 
0.02226 	 0.6110271664650704 
0.02233 	 0.6193000055469325 
0.022399999999999996 	 0.627670018053911 
0.022469999999999997 	 0.6361369300174627 
0.022539999999999998 	 0.644700411736619 
0.022609999999999998 	 0.6533600769813108 
0.02268 	 0.6621154822619162 
0.02275 	 0.6709661261683233 
0.022819999999999997 	 0.6799114487816851 
0.022889999999999997 	 0.6889508311619403 
0.022959999999999998 	 0.6980835949140213 
0.02303 	 0.7073090018355416 
0.0231 	 0.7166262536485795 
0.02317 	 0.726034491817997 
0.023239999999999997 	 0.7355327974585505 
0.023309999999999997 	 0.7451201913328385 
0.023379999999999998 	 0.7547956339419041 
0.02345 	 0.7645580257100986 
0.02352 	 0.7744062072655528 
0.023589999999999996 	 0.7843389598173527 
0.023659999999999997 	 0.7943550056302616 
0.023729999999999998 	 0.804453008597542 
0.023799999999999998 	 0.8146315749121651 
0.02387 	 0.8248892538364052 
0.02394 	 0.8352245385695067 
0.024009999999999997 	 0.8456358672128477 
0.024079999999999997 	 0.8561216238316941 
0.024149999999999998 	 0.866680139612347 
0.02422 	 0.8773096941132004 
0.02429 	 0.8880085166078943 
0.024359999999999996 	 0.8987747875184875 
0.024429999999999997 	 0.909606639936261 
0.024499999999999997 	 0.9205021612274693 
0.024569999999999998 	 0.9314593947211166 
0.02464 	 0.9424763414755025 
0.02471 	 0.9535509621200948 
0.024779999999999996 	 0.9646811787689741 
0.024849999999999997 	 0.975864877001902 
0.024919999999999998 	 0.9870999079088179 
0.02499 	 1.0 
0.02506 	 1.0097152123310065 
0.025129999999999996 	 1.0210910347765145 
0.025199999999999997 	 1.0325092922167136 
0.025269999999999997 	 1.0439676958626434 
0.025339999999999998 	 1.0554639357764526 
0.02541 	 1.0669956832276193 
0.02548 	 1.078560593073176 
0.025549999999999996 	 1.0901563061565684 
0.025619999999999997 	 1.1017804517197263 
0.025689999999999998 	 1.113430649822902 
0.025759999999999998 	 1.1251045137668783 
0.02583 	 1.1367996525121336 
0.0259 	 1.1485136730896288 
0.025969999999999997 	 1.1602441829979455 
0.026039999999999997 	 1.171988792581593 
0.026109999999999998 	 1.1837451173853983 
0.02618 	 1.1955107804800476 
0.02625 	 1.2072834147539648 
0.026319999999999996 	 1.2190606651668856 
0.026389999999999997 	 1.2308401909606572 
0.026459999999999997 	 1.242619667822987 
0.026529999999999998 	 1.2543967900000577 
0.0266 	 1.266169272354156 
0.02667 	 1.2779348523626712 
0.026739999999999996 	 1.2896912920550587 
0.026809999999999997 	 1.30143637988462 
0.026879999999999998 	 1.3131679325321701 
0.026949999999999998 	 1.324883796638953 
0.02702 	 1.3365818504663953 
0.027089999999999996 	 1.3482600054805691 
0.027159999999999997 	 1.359916207859488 
0.027229999999999997 	 1.3715484399216142 
0.027299999999999998 	 1.3831547214742501 
0.02737 	 1.3947331110807077 
0.02744 	 1.4062817072454283 
0.027509999999999996 	 1.417798649516477 
0.027579999999999997 	 1.429282119505073 
0.027649999999999997 	 1.440730341822063 
0.027719999999999998 	 1.4521415849314907 
0.02779 	 1.463514161921613 
0.027859999999999996 	 1.4748464311939555 
0.027929999999999996 	 1.4861367970712067 
0.027999999999999997 	 1.4973837103249135 
0.028069999999999998 	 1.5085856686241914 
0.02814 	 1.519741216906772 
0.02821 	 1.5308489476739227 
0.028279999999999996 	 1.5419075012109076 
0.028349999999999997 	 1.5529155657348022 
0.028419999999999997 	 1.5638718774716103 
0.028489999999999998 	 1.5747752206647494 
0.02856 	 1.5856244275170757 
0.02863 	 1.596418378068715 
0.028699999999999996 	 1.6071560000130503 
0.028769999999999997 	 1.6178362684532979 
0.028839999999999998 	 1.6284582056021444 
0.028909999999999998 	 1.6390208804269946 
0.02898 	 1.6495234082433945 
0.029049999999999996 	 1.6599649502592437 
0.029119999999999997 	 1.670344713072418 
0.029189999999999997 	 1.6806619481244311 
0.029259999999999998 	 1.690915951112791 
0.02933 	 1.70110606136466 
0.0294 	 1.711231661174446 
0.029469999999999996 	 1.7212921751079078 
0.029539999999999997 	 1.7312870692753444 
0.029609999999999997 	 1.741215850576384 
0.029679999999999998 	 1.7510780659188616 
0.02975 	 1.760873301414214 
0.029819999999999996 	 1.7706011815517742 
0.029889999999999996 	 1.7802613683542892 
0.029959999999999997 	 1.7898535605169135 
0.030029999999999998 	 1.799377492531883 
0.0301 	 1.808832933800985 
0.03017 	 1.818219687737881 
0.030239999999999996 	 1.8275375908622573 
0.030309999999999997 	 1.8367865118877198 
0.030379999999999997 	 1.8459663508052295 
0.030449999999999998 	 1.8550770379638595 
0.03052 	 1.8641185331505135 
0.030589999999999996 	 1.8730908246702023 
0.030659999999999996 	 1.8819939284283889 
0.030729999999999997 	 1.8908278870168185 
0.030799999999999998 	 1.8995927688041883 
0.030869999999999998 	 1.9082886670329227 
0.03094 	 1.9169156989232394 
0.031009999999999996 	 1.9254740047856265 
0.031079999999999997 	 1.9339637471427644 
0.031149999999999997 	 1.9423851098618536 
0.031219999999999998 	 1.950738297298245 
0.03129 	 1.9495491505220115 
0.03136 	 1.9411862370246578 
0.03143 	 1.9327551178287414 
0.0315 	 1.9242555914538113 
0.031569999999999994 	 1.9156874770291807 
0.031639999999999995 	 1.9070506151519626 
0.031709999999999995 	 1.898344868756289 
0.031779999999999996 	 1.8895701239927947 
0.031849999999999996 	 1.88072629111741 
0.03192 	 1.8718133053884038 
0.03199 	 1.862831127970557 
0.03206 	 1.8537797468452637 
0.03213 	 1.844659177725279 
0.0322 	 1.835469464972765 
0.03227 	 1.826210682519186 
0.032339999999999994 	 1.8168829347855375 
0.032409999999999994 	 1.8074863576013134 
0.032479999999999995 	 1.7980211191205417 
0.032549999999999996 	 1.7884874207331105 
0.032619999999999996 	 1.7788854979695654 
0.03269 	 1.7692156213974637 
0.03276 	 1.759478097507285 
0.03283 	 1.7496732695858463 
0.0329 	 1.7398015185750801 
0.03297 	 1.7298632639139773 
0.03304 	 1.719858964361422 
0.03311 	 1.7097891187975862 
0.033179999999999994 	 1.6996542670015051 
0.033249999999999995 	 1.689454990402376 
0.033319999999999995 	 1.679191912802118 
0.033389999999999996 	 1.6688657010666343 
0.03346 	 1.6584770657832286 
0.03353 	 1.6480267618815776 
0.0336 	 1.6375155892156346 
0.03367 	 1.6269443931038516 
0.03374 	 1.6163140648250596 
0.03381 	 1.6056255420673875 
0.03388 	 1.5948798093275938 
0.033949999999999994 	 1.5840778982582084 
0.034019999999999995 	 1.5732208879599092 
0.034089999999999995 	 1.5623099052166183 
0.034159999999999996 	 1.5513461246708204 
0.03423 	 1.5403307689367045 
0.0343 	 1.529265108648783 
0.03437 	 1.5181504624437288 
0.03444 	 1.5069881968732886 
0.03451 	 1.4957797262462003 
0.03458 	 1.4845265123972062 
0.03465 	 1.4732300643813567 
0.034719999999999994 	 1.4618919380919557 
0.034789999999999995 	 1.4505137358006488 
0.034859999999999995 	 1.4390971056183341 
0.034929999999999996 	 1.4276437408757343 
0.034999999999999996 	 1.4161553794226744 
0.03507 	 1.4046338028452983 
0.03514 	 1.3930808356006827 
0.03521 	 1.3814983440684954 
0.03528 	 1.3698882355196011 
0.03535 	 1.358252457001741 
0.03542 	 1.3465929941426467 
0.035489999999999994 	 1.334911869871214 
0.035559999999999994 	 1.3232111430575906 
0.035629999999999995 	 1.311492907073328 
0.035699999999999996 	 1.299759288272953 
0.035769999999999996 	 1.2880124443986332 
0.03584 	 1.276254562909826 
0.03591 	 1.264487859240116 
0.03598 	 1.252714574983636 
0.03605 	 1.2409369760137974 
0.03612 	 1.2291573505372648 
0.03619 	 1.2173780070863653 
0.036259999999999994 	 1.205601272453382 
0.036329999999999994 	 1.1938294895703832 
0.036399999999999995 	 1.1820650153385084 
0.036469999999999995 	 1.170310218410784 
0.036539999999999996 	 1.1585674769327998 
0.03661 	 1.1468391762457384 
0.03668 	 1.1351277065564105 
0.03675 	 1.1234354605791426 
0.03682 	 1.1117648311544666 
0.03689 	 1.1001182088497126 
0.03696 	 1.0884979795467005 
0.037029999999999993 	 1.0769065220218126 
0.037099999999999994 	 1.0653462055237892 
0.037169999999999995 	 1.0538193873546728 
0.037239999999999995 	 1.0423284104592891 
0.037309999999999996 	 1.0308756010287188 
0.03738 	 1.019463266123173 
0.03745 	 1.0080936913196465 
0.03752 	 1.0 
0.03759 	 0.985491843012343 
0.03766 	 0.9742640125280501 
0.03773 	 0.9630878237374062 
0.03779999999999999 	 0.9519654207508118 
0.037869999999999994 	 0.9408989128930565 
0.037939999999999995 	 0.92989037266762 
0.038009999999999995 	 0.9189418337850104 
0.038079999999999996 	 0.9080552892593018 
0.038149999999999996 	 0.8972326895768133 
0.03822 	 0.8864759409405959 
0.03829 	 0.8757869035941905 
0.03836 	 0.8651673902278347 
0.03843 	 0.8546191644700215 
0.0385 	 0.8441439394670506 
0.03856999999999999 	 0.8337433765529052 
0.038639999999999994 	 0.8234190840115105 
0.038709999999999994 	 0.8131726159331296 
0.038779999999999995 	 0.8030054711663374 
0.038849999999999996 	 0.7929190923667448 
0.038919999999999996 	 0.7829148651433068 
0.03899 	 0.7729941173027727 
0.03906 	 0.7631581181925414 
0.03913 	 0.7534080781418727 
0.0392 	 0.7437451480011468 
0.03927 	 0.7341704187785547 
0.03934 	 0.7246849213733646 
0.039409999999999994 	 0.7152896264046102 
0.039479999999999994 	 0.7059854441338241 
0.039549999999999995 	 0.6967732244801892 
0.039619999999999995 	 0.687653757126242 
0.039689999999999996 	 0.6786277717120559 
0.03976 	 0.6696959381156262 
0.03983 	 0.6608588668169881 
0.0399 	 0.6521171093434213 
0.03997 	 0.643471158792938 
0.04004 	 0.6349214504331022 
0.04011 	 0.6264683623720956 
0.040179999999999993 	 0.6181122162988331 
0.040249999999999994 	 0.6098532782888231 
0.040319999999999995 	 0.6016917596724032 
0.040389999999999995 	 0.5936278179618704 
0.040459999999999996 	 0.5856615578340089 
0.04053 	 0.57779303216446 
0.0406 	 0.5700222431103429 
0.04067 	 0.5623491432375383 
0.04074 	 0.5547736366890275 
0.04081 	 0.547295580390706 
0.04088 	 0.5399147852911027 
0.04094999999999999 	 0.5326310176314738 
0.041019999999999994 	 0.5254440002427938 
0.041089999999999995 	 0.5183534138662025 
0.041159999999999995 	 0.5113588984935538 
0.041229999999999996 	 0.5044600547247637 
0.041299999999999996 	 0.49765644513875773 
0.04137 	 0.49094759567488677 
0.04144 	 0.48433299702178967 
0.04151 	 0.47781210601077373 
0.04158 	 0.47138434701089416 
0.04165 	 0.46504911332302157 
0.04171999999999999 	 0.45880576857030253 
0.041789999999999994 	 0.4526536480825364 
0.041859999999999994 	 0.4465920602721092 
0.041929999999999995 	 0.44062028799924513 
0.041999999999999996 	 0.434737589924467 
0.042069999999999996 	 0.42894320184627266 
0.04214 	 0.423236338022162 
0.04221 	 0.41761619247127346 
0.04228 	 0.41208194025700895 
0.04235 	 0.4066327387481512 
0.04242 	 0.4012677288570964 
0.04248999999999999 	 0.3959860362539388 
0.042559999999999994 	 0.3907867725552717 
0.042629999999999994 	 0.3856690364866686 
0.042699999999999995 	 0.3806319150179258 
0.042769999999999996 	 0.37567448447025575 
0.042839999999999996 	 0.3707958115947223 
0.04291 	 0.3659949546213118 
0.04298 	 0.3612709642781228 
0.04305 	 0.3566228847802657 
0.04312 	 0.3520497547881337 
0.04319 	 0.34755060833480833 
0.04325999999999999 	 0.3431244757224339 
0.043329999999999994 	 0.3387703843874713 
0.043399999999999994 	 0.33448735973482613 
0.043469999999999995 	 0.3302744259408974 
0.043539999999999995 	 0.32613060672567296 
0.043609999999999996 	 0.32205492609405106 
0.04368 	 0.3180464090466232 
0.04375 	 0.3141040822602085 
0.04382 	 0.3180464090466232 
0.04389 	 0.3220549260940505 
0.04396 	 0.3261306067256724 
0.04402999999999999 	 0.3302744259408964 
0.04409999999999999 	 0.33448735973482513 
0.044169999999999994 	 0.33877038438747065 
0.044239999999999995 	 0.343124475722433 
0.044309999999999995 	 0.3475506083348079 
0.044379999999999996 	 0.35204975478813316 
0.044449999999999996 	 0.3566228847802654 
0.04452 	 0.3612709642781228 
0.04459 	 0.3659949546213114 
0.04466 	 0.37079581159472186 
0.04473 	 0.3756744844702553 
0.04479999999999999 	 0.3806319150179249 
0.04486999999999999 	 0.3856690364866677 
0.044939999999999994 	 0.39078677255527083 
0.045009999999999994 	 0.3959860362539377 
0.045079999999999995 	 0.40126772885709594 
0.045149999999999996 	 0.4066327387481513 
0.045219999999999996 	 0.41208194025700895 
0.04529 	 0.41761619247127346 
0.04536 	 0.42323633802216154 
0.04543 	 0.428943201846272 
0.0455 	 0.4347375899244664 
0.04557 	 0.4406202879992446 
0.04563999999999999 	 0.44659206027210807 
0.045709999999999994 	 0.45265364808253505 
0.045779999999999994 	 0.45880576857030153 
0.045849999999999995 	 0.4650491133230209 
0.045919999999999996 	 0.47138434701089416 
0.045989999999999996 	 0.47781210601077373 
0.04606 	 0.4843329970217891 
0.04613 	 0.4909475956748861 
0.0462 	 0.49765644513875695 
0.04627 	 0.5044600547247631 
0.04634 	 0.5113588984935531 
0.04640999999999999 	 0.5183534138662012 
0.046479999999999994 	 0.5254440002427921 
0.046549999999999994 	 0.5326310176314726 
0.046619999999999995 	 0.5399147852911018 
0.046689999999999995 	 0.547295580390706 
0.046759999999999996 	 0.5547736366890277 
0.04683 	 0.5623491432375375 
0.0469 	 0.5700222431103421 
0.04697 	 0.5777930321644591 
0.04704 	 0.585661557834008 
0.04711 	 0.5936278179618696 
0.04717999999999999 	 0.6016917596724016 
0.04724999999999999 	 0.6098532782888213 
0.047319999999999994 	 0.6181122162988315 
0.047389999999999995 	 0.6264683623720956 
0.047459999999999995 	 0.6349214504331024 
0.047529999999999996 	 0.6434711587929371 
0.047599999999999996 	 0.6521171093434204 
0.04767 	 0.660858866816987 
0.04774 	 0.6696959381156253 
0.04781 	 0.678627771712055 
0.04788 	 0.6876537571262411 
0.04794999999999999 	 0.6967732244801873 
0.04801999999999999 	 0.7059854441338225 
0.048089999999999994 	 0.7152896264046092 
0.048159999999999994 	 0.7246849213733646 
0.048229999999999995 	 0.7341704187785547 
0.048299999999999996 	 0.7437451480011456 
0.048369999999999996 	 0.7534080781418719 
0.04844 	 0.7631581181925403 
0.04851 	 0.7729941173027718 
0.04858 	 0.7829148651433058 
0.04865 	 0.7929190923667438 
0.04871999999999999 	 0.8030054711663351 
0.04878999999999999 	 0.8131726159331277 
0.048859999999999994 	 0.8234190840115098 
0.048929999999999994 	 0.8337433765529045 
0.048999999999999995 	 0.8441439394670494 
0.049069999999999996 	 0.8546191644700202 
0.049139999999999996 	 0.8651673902278333 
0.04921 	 0.8757869035941893 
0.04928 	 0.8864759409405946 
0.04935 	 0.8972326895768123 
0.04942 	 0.9080552892593005 
0.04948999999999999 	 0.9189418337850079 
0.04955999999999999 	 0.9298903726676191 
0.049629999999999994 	 0.9408989128930552 
0.049699999999999994 	 0.9519654207508115 
0.049769999999999995 	 0.9630878237374046 
0.049839999999999995 	 0.9742640125280486 
0.049909999999999996 	 0.9854918430123443 
0.04998 	 1.0 
0.05005 	 1.0080936913196454 
0.05012 	 1.0194632661231717 
0.05019 	 1.030875601028717 
0.05025999999999999 	 1.042328410459287 
0.05032999999999999 	 1.053819387354672 
0.05039999999999999 	 1.0653462055237883 
0.050469999999999994 	 1.0769065220218101 
0.050539999999999995 	 1.0884979795466994 
0.050609999999999995 	 1.1001182088497112 
0.050679999999999996 	 1.1117648311544652 
0.050749999999999997 	 1.1234354605791415 
0.05082 	 1.1351277065564094 
0.05089 	 1.146839176245737 
0.05096 	 1.1585674769327987 
0.05103 	 1.170310218410783 
0.05109999999999999 	 1.182065015338507 
0.05116999999999999 	 1.1938294895703823 
0.051239999999999994 	 1.2056012724533793 
0.051309999999999995 	 1.217378007086364 
0.051379999999999995 	 1.2291573505372635 
0.051449999999999996 	 1.2409369760137963 
0.051519999999999996 	 1.2527145749836346 
0.05159 	 1.264487859240115 
0.05166 	 1.2762545629098252 
0.05173 	 1.2880124443986318 
0.0518 	 1.2997592882729534 
0.05186999999999999 	 1.3114929070733266 
0.05193999999999999 	 1.3232111430575881 
0.052009999999999994 	 1.3349118698712115 
0.052079999999999994 	 1.3465929941426453 
0.052149999999999995 	 1.3582524570017398 
0.052219999999999996 	 1.3698882355196003 
0.052289999999999996 	 1.381498344068494 
0.05236 	 1.3930808356006814 
0.05243 	 1.4046338028452974 
0.0525 	 1.4161553794226733 
0.05257 	 1.4276437408757343 
0.05263999999999999 	 1.439097105618333 
0.05270999999999999 	 1.4505137358006466 
0.052779999999999994 	 1.4618919380919537 
0.052849999999999994 	 1.4732300643813554 
0.052919999999999995 	 1.4845265123972051 
0.052989999999999995 	 1.495779726246199 
0.053059999999999996 	 1.5069881968732872 
0.05313 	 1.5181504624437276 
0.0532 	 1.5292651086487816 
0.05327 	 1.5403307689367045 
0.05334 	 1.5513461246708204 
0.05340999999999999 	 1.5623099052166172 
0.05347999999999999 	 1.573220887959907 
0.05354999999999999 	 1.584077898258206 
0.053619999999999994 	 1.5948798093275927 
0.053689999999999995 	 1.6056255420673864 
0.053759999999999995 	 1.6163140648250587 
0.053829999999999996 	 1.6269443931038508 
0.053899999999999997 	 1.6375155892156337 
0.05397 	 1.6480267618815763 
0.05404 	 1.6584770657832286 
0.05411 	 1.6688657010666346 
0.05417999999999999 	 1.679191912802116 
0.05424999999999999 	 1.689454990402374 
0.05431999999999999 	 1.699654267001503 
0.054389999999999994 	 1.7097891187975853 
0.054459999999999995 	 1.719858964361421 
0.054529999999999995 	 1.7298632639139764 
0.054599999999999996 	 1.7398015185750793 
0.054669999999999996 	 1.749673269585846 
0.05474 	 1.759478097507285 
0.05481 	 1.7692156213974637 
0.05488 	 1.7788854979695647 
0.05494999999999999 	 1.7884874207331083 
0.05501999999999999 	 1.79802111912054 
0.05508999999999999 	 1.8074863576013116 
0.055159999999999994 	 1.8168829347855355 
0.055229999999999994 	 1.8262106825191853 
0.055299999999999995 	 1.835469464972764 
0.055369999999999996 	 1.8446591777252777 
0.055439999999999996 	 1.8537797468452628 
0.05551 	 1.862831127970557 
0.05558 	 1.8718133053884038 
0.05565 	 1.880726291117409 
0.05571999999999999 	 1.889570123992793 
0.05578999999999999 	 1.8983448687562872 
0.05585999999999999 	 1.907050615151961 
0.055929999999999994 	 1.915687477029179 
0.055999999999999994 	 1.9242555914538106 
0.056069999999999995 	 1.932755117828741 
0.056139999999999995 	 1.941186237024657 
0.056209999999999996 	 1.9495491505220115 
0.05628 	 1.9507382972982459 
0.05635 	 1.942385109861855 
0.05642 	 1.9339637471427653 
0.05648999999999999 	 1.9254740047856282 
0.05655999999999999 	 1.9169156989232405 
0.05662999999999999 	 1.908288667032924 
0.05669999999999999 	 1.8995927688041896 
0.056769999999999994 	 1.8908278870168194 
0.056839999999999995 	 1.8819939284283898 
0.056909999999999995 	 1.8730908246702032 
0.056979999999999996 	 1.864118533150514 
0.05705 	 1.8550770379638601 
0.05712 	 1.8459663508052306 
0.05719 	 1.8367865118877207 
0.05726 	 1.8275375908622586 
0.05732999999999999 	 1.8182196877378822 
0.05739999999999999 	 1.8088329338009865 
0.05746999999999999 	 1.7993774925318844 
0.057539999999999994 	 1.7898535605169146 
0.057609999999999995 	 1.78026136835429 
0.057679999999999995 	 1.770601181551775 
0.057749999999999996 	 1.7608733014142146 
0.057819999999999996 	 1.7510780659188618 
0.05789 	 1.741215850576385 
0.05796 	 1.7312870692753455 
0.05803 	 1.7212921751079087 
0.05809999999999999 	 1.7112316611744478 
0.05816999999999999 	 1.7011060613646616 
0.05823999999999999 	 1.6909159511127922 
0.058309999999999994 	 1.6806619481244323 
0.058379999999999994 	 1.670344713072419 
0.058449999999999995 	 1.659964950259245 
0.058519999999999996 	 1.6495234082433952 
0.058589999999999996 	 1.6390208804269957 
0.05866 	 1.6284582056021457 
0.05873 	 1.6178362684532988 
0.0588 	 1.6071560000130516 
0.05886999999999999 	 1.5964183780687167 
0.05893999999999999 	 1.5856244275170774 
0.05900999999999999 	 1.5747752206647507 
0.059079999999999994 	 1.5638718774716112 
0.059149999999999994 	 1.5529155657348033 
0.059219999999999995 	 1.5419075012109085 
0.059289999999999995 	 1.530848947673923 
0.059359999999999996 	 1.5197412169067732 
0.05943 	 1.5085856686241925 
0.0595 	 1.4973837103249146 
0.05957 	 1.4861367970712078 
0.05963999999999999 	 1.474846431193958 
0.05970999999999999 	 1.4635141619216139 
0.05977999999999999 	 1.4521415849314918 
0.059849999999999993 	 1.4407303418220643 
0.059919999999999994 	 1.4292821195050742 
0.059989999999999995 	 1.4177986495164783 
0.060059999999999995 	 1.4062817072454301 
0.060129999999999996 	 1.3947331110807089 
0.0602 	 1.3831547214742512 
0.06027 	 1.3715484399216151 
0.06034 	 1.3599162078594893 
0.06040999999999999 	 1.3482600054805718 
0.06047999999999999 	 1.3365818504663967 
0.06054999999999999 	 1.324883796638954 
0.06061999999999999 	 1.3131679325321715 
0.060689999999999994 	 1.3014363798846211 
0.060759999999999995 	 1.2896912920550594 
0.060829999999999995 	 1.2779348523626723 
0.060899999999999996 	 1.266169272354157 
0.060969999999999996 	 1.2543967900000588 
0.06104 	 1.2426196678229882 
0.06111 	 1.2308401909606583 
0.06117999999999999 	 1.2190606651668874 
0.06124999999999999 	 1.2072834147539662 
0.06131999999999999 	 1.1955107804800487 
0.06138999999999999 	 1.1837451173853997 
0.061459999999999994 	 1.1719887925815944 
0.061529999999999994 	 1.1602441829979477 
0.061599999999999995 	 1.14851367308963 
0.061669999999999996 	 1.1367996525121349 
0.061739999999999996 	 1.1251045137668798 
0.06181 	 1.1134306498229032 
0.06188 	 1.1017804517197272 
0.06194999999999999 	 1.0901563061565707 
0.06201999999999999 	 1.0785605930731774 
0.06208999999999999 	 1.0669956832276206 
0.06215999999999999 	 1.0554639357764537 
0.062229999999999994 	 1.043967695862644 
0.062299999999999994 	 1.0325092922167152 
0.062369999999999995 	 1.0210910347765163 
0.062439999999999996 	 1.0097152123310074 
0.06251 	 1.0 
0.06258 	 0.987099907908817 
0.06265 	 0.9758648770019029 
0.06272 	 0.9646811787689744 
0.06279 	 0.953550962120094 
0.06286 	 0.9424763414755025 
0.06293 	 0.9314593947211166 
0.063 	 0.9205021612274709 
0.06307 	 0.9096066399362617 
0.06313999999999999 	 0.8987747875184904 
0.06320999999999999 	 0.8880085166078965 
0.06327999999999999 	 0.8773096941132029 
0.06334999999999999 	 0.8666801396123494 
0.06341999999999999 	 0.8561216238316957 
0.06348999999999999 	 0.8456358672128492 
0.06355999999999999 	 0.835224538569508 
0.06362999999999999 	 0.8248892538364061 
0.06369999999999999 	 0.8146315749121661 
0.06377 	 0.8044530085975423 
0.06384 	 0.7943550056302623 
0.06391 	 0.7843389598173531 
0.06398 	 0.774406207265553 
0.06405 	 0.7645580257100986 
0.06412 	 0.7547956339419056 
0.06419 	 0.74512019133284 
0.06426 	 0.7355327974585518 
0.06433 	 0.726034491817998 
0.0644 	 0.7166262536485808 
0.06447 	 0.7073090018355425 
0.06454 	 0.6980835949140219 
0.06461 	 0.6889508311619407 
0.06467999999999999 	 0.6799114487816873 
0.06474999999999999 	 0.6709661261683252 
0.06481999999999999 	 0.6621154822619181 
0.06488999999999999 	 0.6533600769813123 
0.06495999999999999 	 0.6447004117366202 
0.06502999999999999 	 0.6361369300174639 
0.06509999999999999 	 0.6276700180539122 
0.06516999999999999 	 0.6193000055469334 
0.06523999999999999 	 0.6110271664650708 
0.06530999999999999 	 0.6028517199039731 
0.06538 	 0.5947738310053267 
0.06545 	 0.5867936119316886 
0.06552 	 0.5789111228936662 
0.06559 	 0.5711263732258696 
0.06566 	 0.5634393225080262 
0.06573 	 0.5558498817276859 
0.0658 	 0.5483579144808934 
0.06587 	 0.540963238207282 
0.06594 	 0.533665625456044 
0.06601 	 0.5264648051792897 
0.06608 	 0.5193604640493508 
0.06615 	 0.512352247796661 
0.06622 	 0.5054397625649036 
0.06628999999999999 	 0.49862257628021 
0.06635999999999999 	 0.4919002200312621 
0.06642999999999999 	 0.4852721894572819 
0.06649999999999999 	 0.478737946140935 
0.06656999999999999 	 0.47229691900333737 
0.06663999999999999 	 0.46594850569843005 
0.06670999999999999 	 0.45969207400410905 
0.06677999999999999 	 0.4535269632076183 
0.06684999999999999 	 0.4474524854828287 
0.06692 	 0.44146792725714934 
0.06699 	 0.4355725505659386 
0.06706 	 0.4297655943924126 
0.06713 	 0.42404627599115363 
0.0672 	 0.4184137921934845 
0.06727 	 0.412867320693041 
0.06734 	 0.40740602131005066 
0.06741 	 0.4020290372329133 
0.06748 	 0.3967354962358106 
0.06755 	 0.3915245118711824 
0.06762 	 0.3863951846360272 
0.06769 	 0.3813466031110878 
0.06776 	 0.3763778450720987 
0.06782999999999999 	 0.3714879785723697 
0.06789999999999999 	 0.36667606299607947 
0.06796999999999999 	 0.36194115008177163 
0.06803999999999999 	 0.35728228491559544 
0.06810999999999999 	 0.352698506893974 
0.06817999999999999 	 0.3481888506554278 
0.06824999999999999 	 0.3437523469813911 
0.06831999999999999 	 0.3393880236659139 
0.06838999999999999 	 0.33509490635423345 
0.06846 	 0.33087201935025845 
0.06853 	 0.32671838639307693 
0.0686 	 0.322633031402657 
0.06867 	 0.31861497919498116 
0.06874 	 0.3146632561668805 
0.06881 	 0.31747918971603506 
0.06888 	 0.3214781914680378 
0.06895 	 0.32554421763994223 
0.06902 	 0.3296782430326598 
0.06909 	 0.33388124354185944 
0.06916 	 0.33815419545152303 
0.06923 	 0.3424980746970049 
0.0693 	 0.34691385609734304 
0.06936999999999999 	 0.35140251255664057 
0.06943999999999999 	 0.3559650142343872 
0.06950999999999999 	 0.3606023276846465 
0.06957999999999999 	 0.3653154149641271 
0.06964999999999999 	 0.3701052327092017 
0.06971999999999999 	 0.3749727311820322 
0.06978999999999999 	 0.3799188532860278 
0.06985999999999999 	 0.3849445335509585 
0.06992999999999999 	 0.390050697088123 
