0 	 0.9520275641259065 
0.07 	 0.9519874421362656 
0.14 	 0.9519480379923189 
0.21000000000000002 	 0.9519094296977612 
0.28 	 0.9518716940938067 
0.35000000000000003 	 0.9518349068661739 
0.42000000000000004 	 0.951799142551971 
0.49000000000000005 	 0.9517644745464848 
0.56 	 0.9517309751098754 
0.6300000000000001 	 0.9516987153737765 
0.7000000000000002 	 0.9516677653478081 
0.77 	 0.9516381939259981 
0.8400000000000001 	 0.9516100688931202 
0.9100000000000001 	 0.9515834569309449 
0.9800000000000002 	 0.9515584236244113 
1.05 	 0.9515350334677165 
1.12 	 0.9515133498703275 
1.1900000000000002 	 0.9514934351629174 
1.2600000000000002 	 0.9514753506032263 
1.3300000000000003 	 0.9514591563818507 
1.4000000000000001 	 0.9514449116279616 
1.4700000000000002 	 0.951432674414954 
1.5400000000000003 	 0.9514225017660298 
1.61 	 0.9514144496597151 
1.6800000000000002 	 0.9514085730353146 
1.7500000000000002 	 0.9514049257983036 
1.8200000000000003 	 0.9514035608256615 
1.8900000000000003 	 0.9514045299711451 
1.9600000000000002 	 0.9514078840705077 
2.0300000000000002 	 0.9514136729466613 
2.1 	 0.951421945414787 
2.17 	 0.9514327492873927 
2.24 	 0.9514461313793222 
2.31 	 0.9514621375127146 
2.38 	 0.9514808125219175 
2.45 	 0.9515022002583551 
2.52 	 0.9515263435953518 
2.5900000000000003 	 0.9515532844329146 
2.66 	 0.951583063702474 
2.73 	 0.9516157213715859 
2.8000000000000003 	 0.9516512964485956 
2.87 	 0.9516898269872659 
2.94 	 0.9517313500913696 
3.0100000000000002 	 0.951775901919249 
3.08 	 0.9518235176883434 
3.15 	 0.9518742316796852 
3.22 	 0.9519280772423675 
3.29 	 0.951985086797983 
3.3600000000000003 	 0.9520452918450368 
3.43 	 0.9521087229633337 
3.5 	 0.9521754098183413 
3.5700000000000003 	 0.9522453811655303 
3.64 	 0.9523186648546943 
3.7100000000000004 	 0.952395287834248 
3.7800000000000002 	 0.9524752761555078 
3.85 	 0.9525586549769535 
3.9200000000000004 	 0.9526454485684749 
3.99 	 0.9527356803156022 
4.0600000000000005 	 0.9528293727237228 
4.130000000000001 	 0.952926547422285 
4.200000000000001 	 0.9530272251689904 
4.2700000000000005 	 0.9531314258539756 
4.340000000000001 	 0.9532391685039844 
4.410000000000001 	 0.9533504712865325 
4.48 	 0.9534653515140641 
4.550000000000001 	 0.9535838256481035 
4.620000000000001 	 0.9537059093034013 
4.69 	 0.9538316172520767 
4.760000000000001 	 0.9539609634277577 
4.830000000000001 	 0.9540939609297195 
4.9 	 0.9542306220270217 
4.970000000000001 	 0.9543709581626467 
5.040000000000001 	 0.9545149799576395 
5.110000000000001 	 0.9546626972152492 
5.180000000000001 	 0.9548141189250755 
5.250000000000001 	 0.954969253267218 
5.320000000000001 	 0.9551281076164324 
5.390000000000001 	 0.955290688546292 
5.460000000000001 	 0.9554570018333572 
5.530000000000001 	 0.9556270524613538 
5.6000000000000005 	 0.9558008446253587 
5.670000000000001 	 0.9559783817359983 
5.740000000000001 	 0.9561596664236552 
5.8100000000000005 	 0.9563447005426897 
5.880000000000001 	 0.9565334851756716 
5.950000000000001 	 0.956726020637627 
6.0200000000000005 	 0.9569223064802995 
6.090000000000001 	 0.9571223414964262 
6.160000000000001 	 0.9573261237240304 
6.23 	 0.9575336504507309 
6.300000000000001 	 0.9577449182180696 
6.370000000000001 	 0.9579599228258565 
6.440000000000001 	 0.9581786593365353 
6.510000000000001 	 0.9584011220795683 
6.580000000000001 	 0.9586273046558419 
6.650000000000001 	 0.9588571999420944 
6.720000000000001 	 0.959090800095365 
6.790000000000001 	 0.9593280965574664 
6.860000000000001 	 0.959569080059481 
6.930000000000001 	 0.9598137406262807 
7.000000000000001 	 0.9600620675810716 
7.070000000000001 	 0.9603140495499654 
7.140000000000001 	 0.9605696744665753 
7.210000000000001 	 0.9608289295766398 
7.280000000000001 	 0.9610918014426731 
7.350000000000001 	 0.9613582759486439 
7.420000000000001 	 0.9616283383046818 
7.490000000000001 	 0.9619019730518137 
7.560000000000001 	 0.9621791640667291 
7.630000000000001 	 0.9624598945665755 
7.700000000000001 	 0.9627441471137841 
7.770000000000001 	 0.9630319036209267 
7.840000000000001 	 0.9633231453556041 
7.910000000000001 	 0.9636178529453658 
7.980000000000001 	 0.9639160063826626 
8.05 	 0.9642175850298317 
8.120000000000001 	 0.9645225676241146 
8.190000000000001 	 0.9648309322827087 
8.260000000000002 	 0.9651426565078525 
8.330000000000002 	 0.9654577171919454 
8.4 	 0.9657760906227015 
8.47 	 0.9660977524883381 
8.540000000000001 	 0.9664226778827993 
8.610000000000001 	 0.966750841311016 
8.680000000000001 	 0.9670822166941991 
8.750000000000002 	 0.9674167773751712 
8.82 	 0.9677544961237322 
8.89 	 0.9680953451420624 
8.96 	 0.9684392960701614 
9.030000000000001 	 0.9687863199913239 
9.100000000000001 	 0.9691363874376515 
9.170000000000002 	 0.9694894683956027 
9.240000000000002 	 0.9699344136481668 
9.31 	 0.9703728701157976 
9.38 	 0.9708049324266089 
9.450000000000001 	 0.9712306938287208 
9.520000000000001 	 0.9716502462103853 
9.590000000000002 	 0.9720636801198171 
9.660000000000002 	 0.9724710847847364 
9.73 	 0.9728725481316257 
9.8 	 0.9732681568047061 
9.870000000000001 	 0.9736579961846376 
9.940000000000001 	 0.974042150406945 
10.010000000000002 	 0.974420702380177 
10.080000000000002 	 0.9747937338037994 
10.150000000000002 	 0.9751613251858273 
10.22 	 0.9755235558602007 
10.290000000000001 	 0.9758805040039061 
10.360000000000001 	 0.9762322466538492 
10.430000000000001 	 0.9765788597234806 
10.500000000000002 	 0.9769204180191798 
10.570000000000002 	 0.9772569952564001 
10.64 	 0.9775886640755775 
10.71 	 0.9779154960578087 
10.780000000000001 	 0.9783289731146582 
10.850000000000001 	 0.9787445868958591 
10.920000000000002 	 0.9791622957728727 
10.990000000000002 	 0.9795820577270394 
11.06 	 0.9800038303561294 
11.13 	 0.9804275708809247 
11.200000000000001 	 0.9808532361518352 
11.270000000000001 	 0.9812807826555449 
11.340000000000002 	 0.9817101665216911 
11.410000000000002 	 0.9821413435295742 
11.480000000000002 	 0.982574269114898 
11.55 	 0.9830088983765406 
11.620000000000001 	 0.9834451860833551 
11.690000000000001 	 0.9838830866809989 
11.760000000000002 	 0.9843225542987928 
11.830000000000002 	 0.9847635427566075 
11.900000000000002 	 0.9852060055717783 
11.97 	 0.9856498959660467 
12.040000000000001 	 0.9860951668725287 
12.110000000000001 	 0.9865417709427096 
12.180000000000001 	 0.9869896605534629 
12.250000000000002 	 0.9874387878140959 
12.320000000000002 	 0.9878891045734177 
12.39 	 0.9883405624268323 
12.46 	 0.9887931127234536 
12.530000000000001 	 0.9892467065732433 
12.600000000000001 	 0.98970129485417 
12.670000000000002 	 0.9901568282193898 
12.740000000000002 	 0.9906132571044461 
12.810000000000002 	 0.9910705317344907 
12.88 	 0.9915286021315216 
12.950000000000001 	 0.9919874181216408 
13.020000000000001 	 0.9924469293423285 
13.090000000000002 	 0.9929070852497337 
13.160000000000002 	 0.9933678351259817 
13.230000000000002 	 0.9938291280864957 
13.3 	 0.9942909130873332 
13.370000000000001 	 0.9947531389325359 
13.440000000000001 	 0.9952157542814923 
13.510000000000002 	 0.9956787076563125 
13.580000000000002 	 0.9961419474492134 
13.650000000000002 	 0.9966054219299152 
13.720000000000002 	 0.9970690792530468 
13.790000000000001 	 0.9975328674655597 
13.860000000000001 	 0.9979967345141504 
13.930000000000001 	 0.9984606282526892 
14.000000000000002 	 0.9989244964496552 
14.070000000000002 	 0.9993882867955766 
14.140000000000002 	 0.9998519469104754 
14.21 	 1.0003154243513157 
14.280000000000001 	 1.0007786666194545 
14.350000000000001 	 1.0012416211680941 
14.420000000000002 	 1.0017042354097356 
14.490000000000002 	 1.0021664567236326 
14.560000000000002 	 1.0026282324632427 
14.630000000000003 	 1.0030895099636792 
14.700000000000001 	 1.0035502365491578 
14.770000000000001 	 1.004010359540442 
14.840000000000002 	 1.0044698262622815 
14.910000000000002 	 1.0049285840508473 
14.980000000000002 	 1.0053865802611586 
15.050000000000002 	 1.0058437622745031 
15.120000000000001 	 1.00630007750585 
15.190000000000001 	 1.006755473411252 
15.260000000000002 	 1.0072098974952386 
15.330000000000002 	 1.0076632973181974 
15.400000000000002 	 1.008115620503744 
15.470000000000002 	 1.0085668147460798 
15.540000000000001 	 1.009016827817334 
15.610000000000001 	 1.0094656075748918 
15.680000000000001 	 1.009913101968708 
15.750000000000002 	 1.0103592590486026 
15.820000000000002 	 1.0108040269715386 
15.890000000000002 	 1.0112473540088833 
15.960000000000003 	 1.0116891885536476 
16.03 	 1.0121294791277071 
16.1 	 1.0125681743890007 
16.17 	 1.0130052231387077 
16.240000000000002 	 1.0134405743284012 
16.310000000000002 	 1.013874177067178 
16.380000000000003 	 1.0143059806287635 
16.450000000000003 	 1.0147359344585907 
16.520000000000003 	 1.0151639881808514 
16.590000000000003 	 1.0155900916055218 
16.66 	 1.016014194735358 
16.73 	 1.0164362477728623 
16.8 	 1.0168562011272195 
16.87 	 1.017274005421201 
16.94 	 1.0176896114980385 
17.01 	 1.0181029704282623 
17.080000000000002 	 1.0185140335165075 
17.150000000000002 	 1.018922752308285 
17.220000000000002 	 1.0193290785967164 
17.290000000000003 	 1.019732964429232 
17.360000000000003 	 1.0201343621142325 
17.430000000000003 	 1.0205332242277119 
17.500000000000004 	 1.0209295036198405 
17.57 	 1.021323153421509 
17.64 	 1.0217141270508316 
17.71 	 1.0221023782196066 
17.78 	 1.0224878609397356 
17.85 	 1.0228705295295986 
17.92 	 1.0232503386203848 
17.990000000000002 	 1.0236272431623799 
18.060000000000002 	 1.0240011984312054 
18.130000000000003 	 1.0243721600340134 
18.200000000000003 	 1.0247400839156326 
18.270000000000003 	 1.025104926364667 
18.340000000000003 	 1.025466644019545 
18.410000000000004 	 1.0258251938745193 
18.48 	 1.0261805332856166 
18.55 	 1.026532619976535 
18.62 	 1.02688141204449 
18.69 	 1.0272268679660084 
18.76 	 1.0275689466026674 
18.830000000000002 	 1.0279076072067808 
18.900000000000002 	 1.0282428094270293 
18.970000000000002 	 1.0285745133140356 
19.040000000000003 	 1.028902679325883 
19.110000000000003 	 1.0292272683335772 
19.180000000000003 	 1.0295482416264494 
19.250000000000004 	 1.0298655609175025 
19.320000000000004 	 1.0301791883486968 
19.39 	 1.0304890864961769 
19.46 	 1.030795218375437 
19.53 	 1.0310975474464263 
19.6 	 1.031396037618592 
19.67 	 1.0316906532558594 
19.740000000000002 	 1.0319813591815505 
19.810000000000002 	 1.0322681206832371 
19.880000000000003 	 1.032550903517531 
19.950000000000003 	 1.0328296739148088 
20.020000000000003 	 1.0331043985838706 
20.090000000000003 	 1.033375044716534 
20.160000000000004 	 1.0336415799921603 
20.230000000000004 	 1.0339039725821144 
20.3 	 1.0341621911541554 
20.37 	 1.034416204876761 
20.44 	 1.0346659834233805 
20.51 	 1.034911496976621 
20.580000000000002 	 1.035152716232362 
20.650000000000002 	 1.035389612403799 
20.720000000000002 	 1.0356221572254176 
20.790000000000003 	 1.0358503229568963 
20.860000000000003 	 1.0360740823869348 
20.930000000000003 	 1.0362934088370122 
21.000000000000004 	 1.036508276165072 
21.070000000000004 	 1.0367186587691322 
21.14 	 1.0369245315908235 
21.21 	 1.0371258701188513 
21.28 	 1.037322650392384 
21.35 	 1.0375148490043662 
21.42 	 1.0377024431047552 
21.490000000000002 	 1.0378854104036828 
21.560000000000002 	 1.0380637291745396 
21.630000000000003 	 1.038237378256983 
21.700000000000003 	 1.0384063370598675 
21.770000000000003 	 1.0385705855640983 
21.840000000000003 	 1.0387301043254056 
21.910000000000004 	 1.0388848744770416 
21.980000000000004 	 1.0390348777323986 
22.05 	 1.0391800963875475 
22.12 	 1.0393205133236978 
22.19 	 1.039456112009577 
22.26 	 1.0395868765037317 
22.330000000000002 	 1.0397127914567457 
22.400000000000002 	 1.03983384211338 
22.470000000000002 	 1.0399500143146305 
22.540000000000003 	 1.040061294499706 
22.610000000000003 	 1.0401676697079232 
22.680000000000003 	 1.0402691275805205 
22.750000000000004 	 1.0403656563623909 
22.820000000000004 	 1.0404572449037317 
22.890000000000004 	 1.0405438826616127 
22.96 	 1.0406255597014609 
23.03 	 1.0407022666984638 
23.1 	 1.0407739949388883 
23.17 	 1.0408407363213181 
23.240000000000002 	 1.040902483357806 
23.310000000000002 	 1.0409592291749445 
23.380000000000003 	 1.0410109675148522 
23.450000000000003 	 1.0410576927360762 
23.520000000000003 	 1.041099399814411 
23.590000000000003 	 1.0411360843436337 
23.660000000000004 	 1.041167742536155 
23.730000000000004 	 1.0411943712235854 
23.800000000000004 	 1.0412159678572186 
23.87 	 1.0412325305084296 
23.94 	 1.0412440578689888 
24.01 	 1.0412505492512922 
24.080000000000002 	 1.041252004588506 
24.150000000000002 	 1.0412484244346287 
24.220000000000002 	 1.0412398099644664 
24.290000000000003 	 1.041226162973526 
24.360000000000003 	 1.0412074858778229 
24.430000000000003 	 1.041183781713604 
24.500000000000004 	 1.0411550541369874 
24.570000000000004 	 1.0411213074235168 
24.640000000000004 	 1.041082546467633 
24.71 	 1.0410387767820592 
24.78 	 1.0409900044971048 
24.85 	 1.0409362363598833 
24.92 	 1.0408774797334472 
24.990000000000002 	 1.0408137425958395 
25.060000000000002 	 1.0407450335390604 
25.130000000000003 	 1.0406713617679526 
25.200000000000003 	 1.040592737099001 
25.270000000000003 	 1.0405091699590512 
25.340000000000003 	 1.0404206713839448 
25.410000000000004 	 1.0403272530170709 
25.480000000000004 	 1.0402289271078364 
25.550000000000004 	 1.0401257065100538 
25.62 	 1.040017604680246 
25.69 	 1.0399046356758719 
25.76 	 1.0397868141534667 
25.830000000000002 	 1.039664155366705 
25.900000000000002 	 1.0395366751643798 
25.970000000000002 	 1.0394043899883036 
26.040000000000003 	 1.0392673168711273 
26.110000000000003 	 1.0391254734340796 
26.180000000000003 	 1.0389788778846276 
26.250000000000004 	 1.0388275490140573 
26.320000000000004 	 1.0386715061949756 
26.390000000000004 	 1.0385107693787343 
26.460000000000004 	 1.0383453590927754 
26.53 	 1.0381752964378983 
26.6 	 1.0380006030854516 
26.67 	 1.0378213012744462 
26.740000000000002 	 1.037637413808593 
26.810000000000002 	 1.0374489640532651 
26.880000000000003 	 1.0372559759323836 
26.950000000000003 	 1.0370584739252293 
27.020000000000003 	 1.03685648306318 
27.090000000000003 	 1.0366500289263731 
27.160000000000004 	 1.0364391376402968 
27.230000000000004 	 1.036223835872306 
27.300000000000004 	 1.036004150828068 
27.370000000000005 	 1.0357801102479356 
27.44 	 1.0355517424032497 
27.51 	 1.0353190760925708 
27.580000000000002 	 1.0350821406378412 
27.650000000000002 	 1.0348409658804776 
27.720000000000002 	 1.0345955821773956 
27.790000000000003 	 1.0343460203969657 
27.860000000000003 	 1.0340923119149024 
27.930000000000003 	 1.0338344886100865 
28.000000000000004 	 1.033572582860322 
28.070000000000004 	 1.0333066275380265 
28.140000000000004 	 1.033036656005859 
28.210000000000004 	 1.0327627021122823 
28.280000000000005 	 1.0324848001870623 
28.35 	 1.0322029850367072 
28.42 	 1.0319172919398418 
28.490000000000002 	 1.031627756642524 
28.560000000000002 	 1.0313344153534996 
28.630000000000003 	 1.031037304739398 
28.700000000000003 	 1.03073646191987 
28.770000000000003 	 1.030431924462668 
28.840000000000003 	 1.0301237303786694 
28.910000000000004 	 1.0298119181168426 
28.980000000000004 	 1.0294965265591602 
29.050000000000004 	 1.029177595015457 
29.120000000000005 	 1.028855163218233 
29.190000000000005 	 1.0285292713174066 
29.26 	 1.0281132194440277 
29.330000000000002 	 1.0277032349938022 
29.400000000000002 	 1.027299229483476 
29.470000000000002 	 1.0269011157201753 
29.540000000000003 	 1.0265088077825895 
29.610000000000003 	 1.0261222210024268 
29.680000000000003 	 1.0257412719461414 
29.750000000000004 	 1.0253658783969268 
29.820000000000004 	 1.0249959593369717 
29.890000000000004 	 1.0246314349299743 
29.960000000000004 	 1.0242722265039121 
30.030000000000005 	 1.0239182565340634 
30.1 	 1.023569448626275 
30.17 	 1.023225727500475 
30.240000000000002 	 1.0228870189744264 
30.310000000000002 	 1.022553249947716 
30.380000000000003 	 1.0222243483859783 
30.450000000000003 	 1.0219002433053495 
30.520000000000003 	 1.0215808647571465 
30.590000000000003 	 1.0212661438127715 
30.660000000000004 	 1.0209560125488353 
30.730000000000004 	 1.0206504040324982 
30.800000000000004 	 1.020255722498756 
30.870000000000005 	 1.0198586722155916 
30.940000000000005 	 1.0194593016797127 
31.01 	 1.0190576596569987 
31.080000000000002 	 1.0186537951761354 
31.150000000000002 	 1.0182477575222266 
31.220000000000002 	 1.017839596230382 
31.290000000000003 	 1.017429361079281 
31.360000000000003 	 1.0170171020847179 
31.430000000000003 	 1.0166028694931228 
31.500000000000004 	 1.0161867137750658 
31.570000000000004 	 1.0157686856187407 
31.640000000000004 	 1.0153488359234326 
31.710000000000004 	 1.0149272157929676 
31.780000000000005 	 1.014503876529148 
31.850000000000005 	 1.0140788696251728 
31.92 	 1.0136522467590439 
31.990000000000002 	 1.0132240597869608 
32.06 	 1.0127943607367034 
32.13 	 1.0123632018010043 
32.2 	 1.0119306353309112 
32.27 	 1.0114967138291422 
32.34 	 1.0110614899434316 
32.410000000000004 	 1.0106250164598707 
32.480000000000004 	 1.010187346296243 
32.550000000000004 	 1.0097485324953541 
32.620000000000005 	 1.009308628218359 
32.690000000000005 	 1.0088676867380852 
32.760000000000005 	 1.008425761432357 
32.830000000000005 	 1.0079829057773164 
32.900000000000006 	 1.0075391733407455 
32.970000000000006 	 1.0070946177753903 
33.040000000000006 	 1.006649292812287 
33.11000000000001 	 1.0062032522540902 
33.18000000000001 	 1.0057565499684065 
33.25 	 1.0053092398811325 
33.32 	 1.0048613759697989 
33.39 	 1.004413012256921 
33.46 	 1.0039642028033584 
33.53 	 1.003515001701681 
33.6 	 1.0030654630695468 
33.67 	 1.0026156410430886 
33.74 	 1.002165589770313 
33.81 	 1.0017153634045106 
33.88 	 1.0012650160976801 
33.95 	 1.0008146019939654 
34.02 	 1.0003641752231078 
34.09 	 0.9999137898939141 
34.160000000000004 	 0.99946350008774 
34.230000000000004 	 0.9990133598519915 
34.300000000000004 	 0.9985634231936437 
34.370000000000005 	 0.9981137440727784 
34.440000000000005 	 0.9976643763961414 
34.510000000000005 	 0.9972153740107195 
34.580000000000005 	 0.996766790697339 
34.650000000000006 	 0.9963186801642856 
34.720000000000006 	 0.9958710960409467 
34.790000000000006 	 0.9954240918714772 
34.86000000000001 	 0.9949777211084886 
34.93000000000001 	 0.9945320371067632 
35.00000000000001 	 0.9940870931169933 
35.07 	 0.9936429422795461 
35.14 	 0.9931996376182556 
35.21 	 0.9927572320342416 
35.28 	 0.9923157782997564 
35.35 	 0.9918753290520599 
35.42 	 0.9914359367873241 
35.49 	 0.9909976538545674 
35.56 	 0.9905605324496185 
35.63 	 0.9901246246091123 
35.7 	 0.9896899822045162 
35.77 	 0.9892566569361888 
35.84 	 0.9888247003274714 
35.910000000000004 	 0.9883941637188122 
35.980000000000004 	 0.9879650982619245 
36.050000000000004 	 0.9875375549139784 
36.120000000000005 	 0.987111584431828 
36.190000000000005 	 0.9866872373662726 
36.260000000000005 	 0.9862645640563547 
36.330000000000005 	 0.985843614623693 
36.400000000000006 	 0.9854244389668524 
36.470000000000006 	 0.9850070867557511 
36.540000000000006 	 0.9845916074261045 
36.61000000000001 	 0.9841780501739075 
36.68000000000001 	 0.9837664639499542 
36.75000000000001 	 0.9833568974543971 
36.82 	 0.9829493991313452 
36.89 	 0.9825440171635001 
36.96 	 0.982140799466834 
37.03 	 0.9817397936853055 
37.1 	 0.9813410471856179 
37.17 	 0.9809446070520166 
37.24 	 0.9805505200811284 
37.31 	 0.9801588327768425 
37.38 	 0.9797695913452318 
37.45 	 0.9793828416895181 
37.52 	 0.9789986294050779 
37.59 	 0.9786169997744917 
37.660000000000004 	 0.978237997762636 
37.730000000000004 	 0.9778616680118178 
37.800000000000004 	 0.9774880548369534 
37.870000000000005 	 0.9771172022207899 
37.940000000000005 	 0.9767491538091707 
38.010000000000005 	 0.9763839529063454 
38.080000000000005 	 0.9760216424703237 
38.150000000000006 	 0.9756622651082736 
38.220000000000006 	 0.9753058630719643 
38.290000000000006 	 0.9749524782532544 
38.36000000000001 	 0.9746021521796243 
38.43000000000001 	 0.9742549260097548 
38.50000000000001 	 0.9739108405291501 
38.57000000000001 	 0.973569936145807 
38.64 	 0.9732322528859297 
38.71 	 0.9728978303896905 
38.78 	 0.972566707907036 
38.85 	 0.9722389242935405 
38.92 	 0.9719145180063047 
38.99 	 0.9715935270999012 
39.06 	 0.9712759892223668 
39.13 	 0.970961941611241 
39.2 	 0.9706514210896522 
39.27 	 0.9703444640624492 
39.34 	 0.9700411065123817 
39.410000000000004 	 0.9697413839963265 
39.480000000000004 	 0.9694453316415613 
39.550000000000004 	 0.9691529841420866 
39.620000000000005 	 0.9688643757549934 
39.690000000000005 	 0.9685795402968804 
39.760000000000005 	 0.9682985111403172 
39.830000000000005 	 0.9680213212103562 
39.900000000000006 	 0.967748002981092 
39.970000000000006 	 0.9674785884722683 
40.040000000000006 	 0.9672131092459336 
40.11000000000001 	 0.9669515964031442 
40.18000000000001 	 0.9666940805807157 
40.25000000000001 	 0.9664405919480226 
40.32000000000001 	 0.9661911602038462 
40.39000000000001 	 0.9659458145732711 
40.46 	 0.9657045838046296 
40.53 	 0.9654674961664954 
40.6 	 0.9652345794447248 
40.67 	 0.9650058609395478 
40.74 	 0.9647813674627073 
40.81 	 0.9645611253346468 
40.88 	 0.964345160381748 
40.95 	 0.9641334979336164 
41.02 	 0.9639261628204163 
41.09 	 0.9637231793702554 
41.160000000000004 	 0.9635245714066178 
41.230000000000004 	 0.963330362245847 
41.300000000000004 	 0.963140574694678 
41.370000000000005 	 0.9629552310478184 
41.440000000000005 	 0.9627743530855807 
41.510000000000005 	 0.9625979620715618 
41.580000000000005 	 0.9624260787503743 
41.650000000000006 	 0.9622587233454268 
41.720000000000006 	 0.9620959155567542 
41.790000000000006 	 0.9619376745588978 
41.86000000000001 	 0.961784018998836 
41.93000000000001 	 0.9616349669939653 
42.00000000000001 	 0.9614905361301307 
42.07000000000001 	 0.9613507434597076 
42.14000000000001 	 0.961215605499734 
42.21 	 0.9610851382300926 
42.28 	 0.960959357091745 
42.35 	 0.9608382769850157 
42.42 	 0.9607219122679277 
42.49 	 0.960610276754589 
42.56 	 0.9605033837136303 
42.63 	 0.9604012458666946 
42.7 	 0.9603038753869779 
42.77 	 0.9602112838978215 
42.84 	 0.9601234824713564 
42.910000000000004 	 0.9600404816271997 
42.980000000000004 	 0.9599622913312029 
43.050000000000004 	 0.9598889209942525 
43.120000000000005 	 0.9598203794711229 
43.190000000000005 	 0.9597566750593823 
43.260000000000005 	 0.9596978154983511 
43.330000000000005 	 0.9596438079681124 
43.400000000000006 	 0.9595946590885773 
43.470000000000006 	 0.9595503749186014 
43.540000000000006 	 0.9595109609551563 
43.61000000000001 	 0.9594764221325537 
43.68000000000001 	 0.9594467628217235 
43.75000000000001 	 0.9594219868295459 
43.82000000000001 	 0.9594020973982379 
43.89000000000001 	 0.9593870972047928 
43.96000000000001 	 0.9593769883604756 
44.03 	 0.9593717724103725 
44.1 	 0.9593714503329949 
44.17 	 0.9593760225399387 
44.24 	 0.9593854888755988 
44.31 	 0.959399848616939 
44.38 	 0.9594191004733174 
44.45 	 0.9594432425863674 
44.52 	 0.959472272529935 
44.59 	 0.9595061873100724 
44.660000000000004 	 0.9595449833650872 
44.730000000000004 	 0.959588656565649 
44.800000000000004 	 0.9596372022149521 
44.870000000000005 	 0.9596906150489358 
44.940000000000005 	 0.9597488892365615 
45.010000000000005 	 0.9598120183801467 
45.080000000000005 	 0.9598799955157576 
45.150000000000006 	 0.9599528131136585 
45.220000000000006 	 0.9600304630788197 
45.290000000000006 	 0.9601129367514829 
45.36000000000001 	 0.9602002249077861 
45.43000000000001 	 0.9602923177604457 
45.50000000000001 	 0.9603892049594979 
45.57000000000001 	 0.9604908755930993 
45.64000000000001 	 0.9605973181883862 
45.71000000000001 	 0.9607085207123931 
45.78 	 0.9608244705730309 
45.85 	 0.9609451546201245 
45.92 	 0.9610705591465107 
45.99 	 0.9612006698891953 
46.06 	 0.9613354720305709 
46.13 	 0.961474950199695 
46.2 	 0.9616190884736283 
46.27 	 0.9617678703788339 
46.34 	 0.9619212788926371 
46.410000000000004 	 0.9620792964447461 
46.480000000000004 	 0.9622419049188339 
46.550000000000004 	 0.9624090856541816 
46.620000000000005 	 0.9625808194473826 
46.690000000000005 	 0.9627570865541084 
46.760000000000005 	 0.9629378666909363 
46.830000000000005 	 0.9631231390372383 
46.900000000000006 	 0.9633128822371324 
46.970000000000006 	 0.9635070744014953 
47.040000000000006 	 0.9637056931100371 
47.11000000000001 	 0.9639087154134385 
47.18000000000001 	 0.96411611783555 
47.25000000000001 	 0.9643278763756531 
47.32000000000001 	 0.9645439665107841 
47.39000000000001 	 0.9647643631981201 
47.46000000000001 	 0.9649890408774272 
47.53000000000001 	 0.9652179734735717 
47.6 	 0.9654511343990932 
47.67 	 0.9656884965568407 
47.74 	 0.9659300323426706 
47.81 	 0.9661757136482078 
47.88 	 0.9664255118636685 
47.95 	 0.966679397880747 
48.02 	 0.9669373420955626 
48.09 	 0.9671993144116713 
48.160000000000004 	 0.9674652842431384 
48.230000000000004 	 0.9677352205176735 
48.300000000000004 	 0.9680090916798284 
48.370000000000005 	 0.9682868656942566 
48.440000000000005 	 0.9685685100490349 
48.510000000000005 	 0.9688539917590469 
48.580000000000005 	 0.9691432773694287 
48.650000000000006 	 0.9694363329590762 
48.720000000000006 	 0.9697331241442129 
48.790000000000006 	 0.9700336160820208 
48.86000000000001 	 0.9703377734743315 
48.93000000000001 	 0.9706455605713784 
49.00000000000001 	 0.9709569411756098 
49.07000000000001 	 0.9712718786455633 
49.14000000000001 	 0.9715903358997994 
49.21000000000001 	 0.9719122754208965 
49.28000000000001 	 0.9723218880710085 
49.35 	 0.9727255272033063 
49.42 	 0.9731232799315914 
49.49 	 0.9735152320992557 
49.56 	 0.9739014682978082 
49.63 	 0.9742820718851318 
49.7 	 0.9746571250034737 
49.77 	 0.975026708597173 
49.84 	 0.9753909024301309 
49.910000000000004 	 0.9757497851030249 
49.980000000000004 	 0.9761034340702724 
50.050000000000004 	 0.9764519256567477 
50.120000000000005 	 0.9767953350742534 
50.190000000000005 	 0.9771337364377539 
50.260000000000005 	 0.97746720278137 
50.330000000000005 	 0.9777958060741417 
50.400000000000006 	 0.9781196172355605 
50.470000000000006 	 0.9784387061508752 
50.540000000000006 	 0.978753141686175 
50.61000000000001 	 0.9790629917032516 
50.68000000000001 	 0.9793683230742458 
50.75000000000001 	 0.9796692016960797 
50.82000000000001 	 0.9800617717301414 
50.89000000000001 	 0.9804567775230889 
50.96000000000001 	 0.9808541725155345 
51.03000000000001 	 0.9812539098303544 
51.10000000000001 	 0.9816559422782564 
51.17 	 0.9820602223633945 
51.24 	 0.9824667022890305 
51.31 	 0.9828753339632412 
51.38 	 0.9832860690046711 
51.45 	 0.9836988587483293 
51.52 	 0.984113654251431 
51.59 	 0.9845304062992825 
51.660000000000004 	 0.9849490654112072 
51.730000000000004 	 0.9853695818465162 
51.800000000000004 	 0.985791905610518 
51.870000000000005 	 0.9862159864605695 
51.940000000000005 	 0.9866417739121672 
52.010000000000005 	 0.9870692172450771 
52.080000000000005 	 0.9874982655095025 
52.150000000000006 	 0.9879288675322905 
52.220000000000006 	 0.9883609719231744 
52.290000000000006 	 0.9887945270810523 
52.36000000000001 	 0.9892294812003012 
52.43000000000001 	 0.9896657822771252 
52.50000000000001 	 0.9901033781159377 
52.57000000000001 	 0.9905422163357762 
52.64000000000001 	 0.9909822443767486 
52.71000000000001 	 0.9914234095065118 
52.78000000000001 	 0.9918656588267789 
52.85000000000001 	 0.9923089392798577 
52.92000000000001 	 0.9927531976552163 
52.99 	 0.9931983805960766 
53.06 	 0.9936444346060351 
53.13 	 0.9940913060557095 
53.2 	 0.9945389411894094 
53.27 	 0.9949872861318325 
53.34 	 0.9954362868947825 
53.410000000000004 	 0.99588588938391 
53.480000000000004 	 0.9963360394054748 
53.550000000000004 	 0.9967866826731281 
53.620000000000005 	 0.9972377648147144 
53.690000000000005 	 0.9976892313790917 
53.760000000000005 	 0.9981410278429691 
53.830000000000005 	 0.9985930996177613 
53.900000000000006 	 0.9990453920564584 
53.970000000000006 	 0.9994978504605101 
54.040000000000006 	 0.999950420086724 
54.11000000000001 	 1.000403046154176 
54.18000000000001 	 1.0008556738511327 
54.25000000000001 	 1.0013082483419848 
54.32000000000001 	 1.001760714774189 
54.39000000000001 	 1.0022130182852194 
54.46000000000001 	 1.0026651040095267 
54.53000000000001 	 1.0031169170855039 
54.60000000000001 	 1.003568402662457 
54.67000000000001 	 1.0040195059075812 
54.74 	 1.0044701720129403 
54.81 	 1.0049203462024494 
54.88 	 1.0053699737388573 
54.95 	 1.005818999930732 
55.02 	 1.0062673701394445 
55.09 	 1.00671502978615 
55.160000000000004 	 1.0071619243587695 
55.230000000000004 	 1.007607999418965 
55.300000000000004 	 1.0080532006091125 
55.370000000000005 	 1.0084974736592676 
55.440000000000005 	 1.0089407643941257 
55.510000000000005 	 1.0093830187399744 
55.580000000000005 	 1.0098241827316377 
55.650000000000006 	 1.010264202519409 
55.720000000000006 	 1.0107030243759765 
55.790000000000006 	 1.0111405947033334 
55.86000000000001 	 1.0115768600396782 
55.93000000000001 	 1.0120117670663005 
56.00000000000001 	 1.0124452626144518 
56.07000000000001 	 1.0128772936722013 
56.14000000000001 	 1.0133078073912738 
56.21000000000001 	 1.0137367510938724 
56.28000000000001 	 1.0141640722794798 
56.35000000000001 	 1.0145897186316417 
56.42000000000001 	 1.015013638024729 
56.49000000000001 	 1.0154357785306787 
56.56 	 1.0158560884257122 
56.63 	 1.0162745161970295 
56.7 	 1.0166910105494793 
56.77 	 1.0171055204122041 
56.84 	 1.0175179949452577 
56.910000000000004 	 1.0179283835461965 
56.980000000000004 	 1.0183366358566412 
57.050000000000004 	 1.0187427017688107 
57.120000000000005 	 1.019146531432024 
57.190000000000005 	 1.019548075259173 
57.260000000000005 	 1.0199472839331605 
57.330000000000005 	 1.0203441084133076 
57.400000000000006 	 1.020738499941726 
57.470000000000006 	 1.0211304100496557 
57.540000000000006 	 1.0215197905637667 
57.61000000000001 	 1.0219065936124239 
57.68000000000001 	 1.0222907716319147 
57.75000000000001 	 1.0226722773726384 
57.82000000000001 	 1.0230510639052555 
57.89000000000001 	 1.0234270846267972 
57.96000000000001 	 1.023800293266734 
58.03000000000001 	 1.024170643893002 
58.10000000000001 	 1.024538090917986 
58.17000000000001 	 1.02490258910446 
58.24000000000001 	 1.0252640935714827 
58.31000000000001 	 1.0256225598002469 
58.38 	 1.0259779436398837 
58.45 	 1.0263302013132198 
58.52 	 1.026679289422486 
58.59 	 1.0270251649549784 
58.660000000000004 	 1.0273677852886687 
58.730000000000004 	 1.0277071081977658 
58.800000000000004 	 1.0280430918582255 
58.870000000000005 	 1.0283756948532092 
58.940000000000005 	 1.0287048761784892 
59.010000000000005 	 1.0290305952478014 
59.080000000000005 	 1.0293528118981439 
59.150000000000006 	 1.029671486395021 
59.220000000000006 	 1.029986579437631 
59.290000000000006 	 1.030298052163999 
59.36000000000001 	 1.030605866156052 
59.43000000000001 	 1.0309099834446362 
59.50000000000001 	 1.0312103665144772 
59.57000000000001 	 1.0315069783090791 
59.64000000000001 	 1.0317997822355667 
59.71000000000001 	 1.032088742169465 
59.78000000000001 	 1.0323738224594183 
59.85000000000001 	 1.0326549879318494 
59.92000000000001 	 1.0329322038955533 
59.99000000000001 	 1.0332054361462308 
60.06000000000001 	 1.0334746509709571 
60.13 	 1.0337398151525867 
60.2 	 1.0340008959740932 
60.27 	 1.034257861222844 
60.34 	 1.0345106791948087 
60.410000000000004 	 1.0347593186987016 
60.480000000000004 	 1.0350037490600563 
60.550000000000004 	 1.0352439401252331 
60.620000000000005 	 1.0354798622653578 
60.690000000000005 	 1.0357114863801917 
60.760000000000005 	 1.0359387839019327 
60.830000000000005 	 1.0361617267989465 
60.900000000000006 	 1.0363802875794266 
60.970000000000006 	 1.0365944392949842 
61.040000000000006 	 1.0368041555441665 
61.11000000000001 	 1.0370094104759033 
61.18000000000001 	 1.037210178792881 
61.25000000000001 	 1.037406435754843 
61.32000000000001 	 1.037598157181819 
61.39000000000001 	 1.0377853194572781 
61.46000000000001 	 1.0379678995312092 
61.53000000000001 	 1.038145874923126 
61.60000000000001 	 1.038319223724998 
61.67000000000001 	 1.0384879246041046 
61.74000000000001 	 1.0386519568058141 
61.81000000000001 	 1.038811300156287 
61.88000000000001 	 1.0389659350651017 
61.95 	 1.039115842527803 
62.02 	 1.039261004128375 
62.09 	 1.0394014020416336 
62.160000000000004 	 1.0395370190355433 
62.230000000000004 	 1.0396678384734543 
62.300000000000004 	 1.0397938443162613 
62.370000000000005 	 1.0399150211244828 
62.440000000000005 	 1.0400313540602615 
62.510000000000005 	 1.0401428288892849 
62.580000000000005 	 1.040249431982626 
62.650000000000006 	 1.0403511503185041 
62.720000000000006 	 1.0404479714839634 
62.790000000000006 	 1.040539883676474 
62.86000000000001 	 1.040626875705449 
62.93000000000001 	 1.0407089369936822 
63.00000000000001 	 1.0407860575787031 
63.07000000000001 	 1.0408582281140515 
63.14000000000001 	 1.0409254398704695 
63.21000000000001 	 1.0409876847370116 
63.28000000000001 	 1.0410449552220729 
63.35000000000001 	 1.0410972444543345 
63.42000000000001 	 1.0411445461836266 
63.49000000000001 	 1.0411868547817096 
63.56000000000001 	 1.0412241652429708 
63.63000000000001 	 1.04125647318504 
63.7 	 1.0412837748493207 
63.77 	 1.0413060671014394 
63.84 	 1.0413233474316104 
63.910000000000004 	 1.0413356139549186 
63.980000000000004 	 1.0413428654115175 
64.05 	 1.041345101166746 
64.12 	 1.0413423212111592 
64.19 	 1.0413345261604776 
64.26 	 1.041321717255452 
64.33 	 1.0413038963616457 
64.4 	 1.0412810659691318 
64.47 	 1.0412532291921088 
64.54 	 1.0412203897684318 
64.61 	 1.04118255205906 
64.67999999999999 	 1.0411397210474223 
64.75 	 1.0410919023386973 
64.82 	 1.0410391021590137 
64.89 	 1.0409813273545638 
64.96 	 1.0409185853906369 
65.03 	 1.040850884350568 
65.1 	 1.0407782329346056 
65.17 	 1.0407006404586954 
65.24 	 1.040618116853182 
65.31 	 1.0405306726614296 
65.38 	 1.0404383190383584 
65.45 	 1.0403410677489018 
65.52 	 1.0402389311663796 
65.59 	 1.0401319222707917 
65.66 	 1.0400200546470295 
65.73 	 1.0399033424830069 
65.8 	 1.0397818005677104 
65.87 	 1.039655444289169 
65.94 	 1.0395242896323444 
66.01 	 1.0393883531769408 
66.08 	 1.0392476520951357 
66.15 	 1.0391022041492315 
66.22 	 1.0389520276892281 
66.29 	 1.0387971416503181 
66.36 	 1.0386375655503022 
66.42999999999999 	 1.0384733194869287 
66.5 	 1.038304424135155 
66.57 	 1.0381309007443318 
66.64 	 1.0379527711353125 
66.71 	 1.0377700576974846 
66.78 	 1.0375827833857274 
66.85 	 1.037390971717293 
66.92 	 1.0371946467686146 
66.99 	 1.036993833172039 
67.06 	 1.0367885561124865 
67.13 	 1.0365788413240384 
67.2 	 1.0363647150864497 
67.27 	 1.0361462042215925 
67.34 	 1.0359233360898266 
67.41 	 1.035696138586299 
67.48 	 1.0354646401371748 
67.55 	 1.0352288696957956 
67.62 	 1.0349888567387728 
67.69 	 1.0347446312620086 
67.76 	 1.0344962237766513 
67.83 	 1.034243665304984 
67.9 	 1.0339869873762455 
67.97 	 1.0337262220223853 
68.04 	 1.033461401773755 
68.11 	 1.0331925596547336 
68.17999999999999 	 1.032919729179291 
68.25 	 1.032642944346487 
68.32 	 1.0323622396359078 
68.39 	 1.0320776500030424 
68.46 	 1.031789210874598 
68.53 	 1.0314969581437543 
68.6 	 1.0312009281653596 
68.67 	 1.0309011577510685 
68.74 	 1.0305976841644215 
68.81 	 1.0302905451158684 
68.88 	 1.0299797787577347 
68.95 	 1.0296654236791343 
69.02 	 1.0293475189008268 
69.09 	 1.029026103870022 
69.16 	 1.0287012184551312 
69.23 	 1.0282826590193272 
69.3 	 1.0278702035752953 
69.37 	 1.027463763106489 
69.44 	 1.0270632498945194 
69.51 	 1.0266685775002242 
69.58 	 1.0262796607450126 
69.65 	 1.0258964156924812 
69.72 	 1.0255187596302993 
69.79 	 1.0251466110523575 
69.86 	 1.0247798896411773 
69.93 	 1.0244185162505768 
70.0 	 1.0240624128885891 
