0.0 	 0.0 
0.07007007007007007 	 0.003503433113346099 
0.14014014014014015 	 0.007006441412278401 
0.21021021021021022 	 0.010508600974118393 
0.2802802802802803 	 0.01400948748632603 
0.35035035035035034 	 0.017508676838892342 
0.42042042042042044 	 0.021005745127563827 
0.49049049049049054 	 0.02450026870461037 
0.5605605605605606 	 0.027991824233384928 
0.6306306306306306 	 0.03147998872959003 
0.7007007007007007 	 0.03496433962150693 
0.7707707707707708 	 0.038444454811454844 
0.8408408408408409 	 0.04191991270193356 
0.9109109109109109 	 0.0453902922636 
0.9809809809809811 	 0.048855173081925836 
1.0510510510510511 	 0.052314135408764915 
1.1211211211211212 	 0.05576676021297555 
1.1911911911911912 	 0.059212629231161246 
1.2612612612612613 	 0.0626513250182966 
1.3313313313313313 	 0.06608243099849093 
1.4014014014014013 	 0.06950553151523178 
1.4714714714714716 	 0.07292021188173611 
1.5415415415415417 	 0.07632605843131827 
1.6116116116116117 	 0.07972265856749035 
1.6816816816816818 	 0.08310960081387397 
1.7517517517517518 	 0.08648647486409827 
1.8218218218218218 	 0.08985287163150202 
1.8918918918918919 	 0.09320838329864573 
1.9619619619619622 	 0.0965526033667868 
2.032032032032032 	 0.09988512670505209 
2.1021021021021022 	 0.10320554959958317 
2.1721721721721723 	 0.10651346980238889 
2.2422422422422423 	 0.10980848658011384 
2.3123123123123124 	 0.11309020076251801 
2.3823823823823824 	 0.1163582147908973 
2.4524524524524525 	 0.11961213276636798 
2.5225225225225225 	 0.12285156049766591 
2.5925925925925926 	 0.1260761055486745 
2.6626626626626626 	 0.12928537728645967 
2.7327327327327327 	 0.13247898692844753 
2.8028028028028027 	 0.13565654758908868 
2.872872872872873 	 0.13881767432723963 
2.9429429429429432 	 0.14196198419279224 
3.0130130130130133 	 0.145089096272641 
3.0830830830830833 	 0.14819863173708228 
3.1531531531531534 	 0.15129021388591757 
3.2232232232232234 	 0.1543634681938044 
3.2932932932932935 	 0.15741802235548047 
3.3633633633633635 	 0.16045350633133118 
3.4334334334334335 	 0.16346955239204072 
3.5035035035035036 	 0.1664657951627474 
3.5735735735735736 	 0.16944187166782812 
3.6436436436436437 	 0.17239742137482067 
3.7137137137137137 	 0.17533208623768154 
3.7837837837837838 	 0.1782455107404817 
3.853853853853854 	 0.18113734194061676 
3.9239239239239243 	 0.18400722951110904 
3.9939939939939944 	 0.18685482578314638 
4.064064064064064 	 0.1896797857887642 
4.134134134134134 	 0.1924817673025625 
4.2042042042042045 	 0.1952604308828882 
4.2742742742742745 	 0.1980154399115902 
4.344344344344345 	 0.20074646063687313 
4.414414414414415 	 0.2034531622133014 
4.484484484484485 	 0.2061352167418854 
4.554554554554555 	 0.2087922993084136 
4.624624624624625 	 0.21142408802395674 
4.694694694694695 	 0.2140302640642976 
4.764764764764765 	 0.2166105117083693 
4.834834834834835 	 0.21916451837584108 
4.904904904904905 	 0.2216919746644058 
4.974974974974975 	 0.22419257438895177 
5.045045045045045 	 0.22666601461814048 
5.115115115115115 	 0.22911199571102428 
5.185185185185185 	 0.23153022135197399 
5.255255255255255 	 0.23392039858825964 
5.325325325325325 	 0.23628223786539454 
5.395395395395395 	 0.23861545306218782 
5.465465465465465 	 0.2409197615243279 
5.535535535535535 	 0.2431948840991137 
5.605605605605605 	 0.24544054517009756 
5.675675675675676 	 0.24765647269017851 
5.745745745745746 	 0.24984239821422424 
5.815815815815816 	 0.25199805693065763 
5.8858858858858865 	 0.2541231876952002 
5.9559559559559565 	 0.2562175330620924 
6.0260260260260265 	 0.258280839315221 
6.096096096096097 	 0.2603128564970668 
6.166166166166167 	 0.2623133384411853 
6.236236236236237 	 0.2642820428021171 
6.306306306306307 	 0.2662187310845603 
6.376376376376377 	 0.2681231686724969 
6.446446446446447 	 0.2699951248573382 
6.516516516516517 	 0.27183437286084544 
6.586586586586587 	 0.2736406898688296 
6.656656656656657 	 0.275413857057657 
6.726726726726727 	 0.277153659620043 
6.796796796796797 	 0.27885988679128987 
6.866866866866867 	 0.2805323318744447 
6.936936936936937 	 0.2821707922608947 
7.007007007007007 	 0.28377506946081915 
7.077077077077077 	 0.2853449691264332 
7.147147147147147 	 0.2868803010750157 
7.217217217217217 	 0.28838087931215084 
7.287287287287287 	 0.28984652205376926 
7.357357357357357 	 0.291277051744115 
7.4274274274274275 	 0.29267229508301246 
7.4974974974974975 	 0.29403208304579104 
7.5675675675675675 	 0.2953562509033744 
7.637637637637638 	 0.2966446382424163 
7.707707707707708 	 0.29789708898416506 
7.777777777777778 	 0.2991134513999314 
7.847847847847849 	 0.3002935781347042 
7.917917917917919 	 0.30143732622381236 
7.987987987987989 	 0.3025445571099866 
8.058058058058059 	 0.3036151366603045 
8.128128128128129 	 0.3046489351818071 
8.198198198198199 	 0.3056458274343614 
8.268268268268269 	 0.3066056926504988 
8.338338338338339 	 0.3075284145488166 
8.408408408408409 	 0.30841388134790426 
8.478478478478479 	 0.309261985780023 
8.548548548548549 	 0.31007262510348543 
8.618618618618619 	 0.3108457011126029 
8.68868868868869 	 0.3115811201540454 
8.75875875875876 	 0.3122787931365971 
8.82882882882883 	 0.31293863554201945 
8.8988988988989 	 0.3135605674353948 
8.96896896896897 	 0.3141445134740825 
9.03903903903904 	 0.3146904029151224 
9.10910910910911 	 0.31519816962735187 
9.17917917917918 	 0.3156677520981818 
9.24924924924925 	 0.31609909344096726 
9.31931931931932 	 0.3164921414019408 
9.38938938938939 	 0.31684684836658283 
9.45945945945946 	 0.31716317136511374 
9.52952952952953 	 0.3174410720764816 
9.5995995995996 	 0.31768051683484433 
9.66966966966967 	 0.31788147663302335 
9.73973973973974 	 0.31804392712578367 
9.80980980980981 	 0.3181678486326473 
9.87987987987988 	 0.31825322614010954 
9.94994994994995 	 0.3183000493038545 
10.02002002002002 	 0.31830831245407226 
10.09009009009009 	 0.3182780145905276 
10.16016016016016 	 0.31820915938363437 
10.23023023023023 	 0.318101755174565 
10.3003003003003 	 0.3179558149741349 
10.37037037037037 	 0.317771356461098 
10.44044044044044 	 0.31754840198011264 
10.51051051051051 	 0.3172869785423779 
10.58058058058058 	 0.3169871178184984 
10.65065065065065 	 0.31664885613470317 
10.72072072072072 	 0.3162722344691472 
10.79079079079079 	 0.3158572984468946 
10.86086086086086 	 0.31540409833432576 
10.93093093093093 	 0.31491268903302655 
11.001001001001 	 0.31438313007480345 
11.07107107107107 	 0.31381548561292644 
11.14114114114114 	 0.3132098244139141 
11.21121121121121 	 0.31256621984970506 
11.281281281281283 	 0.3118847498887331 
11.351351351351353 	 0.311165497086436 
11.421421421421423 	 0.3104085485752075 
11.491491491491493 	 0.3096139960548787 
11.561561561561563 	 0.3087819357809511 
11.631631631631633 	 0.3079124685522319 
11.701701701701703 	 0.3070056996990813 
11.771771771771773 	 0.3060617390706166 
11.841841841841843 	 0.3050807010213611 
11.911911911911913 	 0.30406270439733557 
11.981981981981983 	 0.3030078725224855 
12.052052052052053 	 0.30191633318361094 
12.122122122122123 	 0.30078821861375193 
12.192192192192193 	 0.2996236654767475 
12.262262262262263 	 0.2984228148506457 
12.332332332332333 	 0.2971858122105704 
12.402402402402403 	 0.29591280741104514 
12.472472472472473 	 0.2946039546684406 
12.542542542542543 	 0.2932594125426474 
12.612612612612613 	 0.2918793439163899 
12.682682682682684 	 0.2904639159761366 
12.752752752752754 	 0.2890133001918266 
12.822822822822824 	 0.28752767229605597 
12.892892892892894 	 0.2860072122627388 
12.962962962962964 	 0.2844521042857962 
13.033033033033034 	 0.28286253675761475 
13.103103103103104 	 0.28123870224425895 
13.173173173173174 	 0.279580797462892 
13.243243243243244 	 0.2778890232579513 
13.313313313313314 	 0.2761635845767629 
13.383383383383384 	 0.2744046904446482 
13.453453453453454 	 0.2726125539395232 
13.523523523523524 	 0.2707873921672758 
13.593593593593594 	 0.2689294262360753 
13.663663663663664 	 0.2670388812266948 
13.733733733733734 	 0.2651159861665706 
13.803803803803804 	 0.26316097400204475 
13.873873873873874 	 0.2611740815700995 
13.943943943943944 	 0.25915554956961007 
14.014014014014014 	 0.25710562253211805 
14.084084084084084 	 0.25502454879349556 
14.154154154154154 	 0.2529125804635934 
14.224224224224224 	 0.25076997339392115 
14.294294294294295 	 0.24859698714760425 
14.364364364364365 	 0.2463938849678997 
14.434434434434435 	 0.24416093374625675 
14.504504504504505 	 0.24189840398992485 
14.574574574574575 	 0.2396065697891251 
14.644644644644645 	 0.23728570878555083 
14.714714714714715 	 0.23493610213758642 
14.784784784784785 	 0.23255803448509152 
14.854854854854855 	 0.23015179391572665 
14.924924924924925 	 0.22771767193001605 
14.994994994994995 	 0.2252559634059883 
15.065065065065065 	 0.22276696656339792 
15.135135135135135 	 0.22025098292758744 
15.205205205205205 	 0.21770831729470877 
15.275275275275275 	 0.2151392776931026 
15.345345345345345 	 0.21254417534551762 
15.415415415415415 	 0.20992332463196894 
15.485485485485485 	 0.20727704305161682 
15.555555555555555 	 0.204605651184259 
15.625625625625625 	 0.2019094726514404 
15.695695695695697 	 0.19918883407731267 
15.765765765765767 	 0.196444065050803 
15.835835835835837 	 0.19367549808359985 
15.905905905905907 	 0.19088346856990582 
15.975975975975977 	 0.18806831474619393 
16.046046046046047 	 0.18523037765019792 
16.116116116116117 	 0.1823700010795553 
16.186186186186188 	 0.17948753155010752 
16.256256256256258 	 0.17658331825408224 
16.326326326326328 	 0.17365771301935998 
16.396396396396398 	 0.1707110702646211 
16.466466466466468 	 0.16774374695680128 
16.536536536536538 	 0.16475610256808806 
16.606606606606608 	 0.1617484990323409 
16.676676676676678 	 0.15872130070120546 
16.746746746746748 	 0.15567487429992716 
16.816816816816818 	 0.15260958888319565 
16.886886886886888 	 0.14952581579172636 
16.956956956956958 	 0.1464239286051011 
17.027027027027028 	 0.14330430309711653 
17.097097097097098 	 0.14016731719039197 
17.167167167167168 	 0.1370133509105567 
17.237237237237238 	 0.13384278634017593 
17.30730730730731 	 0.13065600757242035 
17.37737737737738 	 0.12745340066508556 
17.44744744744745 	 0.12423535359498228 
17.51751751751752 	 0.12100225620817776 
17.58758758758759 	 0.1177545001738017 
17.65765765765766 	 0.11449247893666502 
17.72772772772773 	 0.11121658766954819 
17.7977977977978 	 0.10792722322527114 
17.86786786786787 	 0.10462478408855037 
17.93793793793794 	 0.10130967032764758 
18.00800800800801 	 0.09798228354581645 
18.07807807807808 	 0.09464302683585858 
18.14814814814815 	 0.09129230472971897 
18.21821821821822 	 0.08793052314603853 
18.28828828828829 	 0.08455808934318149 
18.35835835835836 	 0.08117541186986725 
18.42842842842843 	 0.07778290051563945 
18.4984984984985 	 0.07438096626117777 
18.56856856856857 	 0.07097002122845784 
18.63863863863864 	 0.06755047863076469 
18.70870870870871 	 0.06412275272282782 
18.77877877877878 	 0.06068725875371296 
18.84884884884885 	 0.05724441291238301 
18.91891891891892 	 0.05379463227764789 
18.98898898898899 	 0.05033833476835608 
19.05905905905906 	 0.04687593909273683 
19.12912912912913 	 0.043407864697641386 
19.1991991991992 	 0.039934531717688744 
19.26926926926927 	 0.036456360924321585 
19.33933933933934 	 0.0329737736747782 
19.40940940940941 	 0.02948719186190069 
19.47947947947948 	 0.0259970378647823 
19.54954954954955 	 0.02250373449347118 
19.61961961961962 	 0.019007704939348054 
19.68968968968969 	 0.015509372724000962 
19.75975975975976 	 0.012009161647896926 
19.82982982982983 	 0.008507495739016092 
19.8998998998999 	 0.005004799201454127 
19.96996996996997 	 0.0015014963639988904 
20.04004004004004 	 -0.0020019883713120884 
20.11011011011011 	 -0.005505230579212244 
20.18018018018018 	 -0.00900780586331873 
20.25025025025025 	 -0.012509289909016924 
20.32032032032032 	 -0.0160092585339149 
20.39039039039039 	 -0.019507287739242266 
20.46046046046046 	 -0.02300295376122881 
20.53053053053053 	 -0.026495833122456944 
20.6006006006006 	 -0.029985502683181814 
20.67067067067067 	 -0.03347153969261301 
20.74074074074074 	 -0.03695352184005561 
20.81081081081081 	 -0.04043102730495888 
20.88088088088088 	 -0.043903634809510435 
20.95095095095095 	 -0.04737092366952885 
21.02102102102102 	 -0.050832473845164636 
21.09109109109109 	 -0.05428786599178965 
21.16116116116116 	 -0.05773668151080279 
21.23123123123123 	 -0.061178502600345755 
21.3013013013013 	 -0.06461291230592271 
21.37137137137137 	 -0.0680394945709177 
21.44144144144144 	 -0.07145783428688697 
21.51151151151151 	 -0.07486751734362414 
21.58158158158158 	 -0.0782681306798449 
21.65165165165165 	 -0.08165926233302002 
21.72172172172172 	 -0.08504050148925879 
21.79179179179179 	 -0.08841143853307208 
21.86186186186186 	 -0.09177166509698916 
21.93193193193193 	 -0.09512077411102174 
22.002002002002 	 -0.09845835985196935 
22.07207207207207 	 -0.10178401799255966 
22.14214214214214 	 -0.1050973456507556 
22.21221221221221 	 -0.10839794143839103 
22.28228228228228 	 -0.11168540550945032 
22.35235235235235 	 -0.11495933960872153 
22.42242242242242 	 -0.11821934712003124 
22.492492492492495 	 -0.12146503311427816 
22.562562562562565 	 -0.12469600439725861 
22.632632632632635 	 -0.12791186955728004 
22.702702702702705 	 -0.131112239012553 
22.772772772772775 	 -0.13429672505846293 
22.842842842842845 	 -0.13746494191572695 
22.912912912912915 	 -0.14061650577551235 
22.982982982982985 	 -0.14375103484608262 
23.053053053053056 	 -0.14686814939931633 
23.123123123123126 	 -0.14996747181668854 
23.193193193193196 	 -0.15304862663499222 
23.263263263263266 	 -0.15611124059179365 
23.333333333333336 	 -0.1591549426706157 
23.403403403403406 	 -0.16217936414584294 
23.473473473473476 	 -0.16518413862801148 
23.543543543543546 	 -0.1681689021094374 
23.613613613613616 	 -0.17113329300533922 
23.683683683683686 	 -0.1740769521987903 
23.753753753753756 	 -0.17699952308431088 
23.823823823823826 	 -0.1799006516110384 
23.893893893893896 	 -0.18277998632558243 
23.963963963963966 	 -0.18563717841455774 
24.034034034034036 	 -0.18847188174679036 
24.104104104104106 	 -0.19128375291519134 
24.174174174174176 	 -0.19407245128040906 
24.244244244244246 	 -0.19683763901102058 
24.314314314314316 	 -0.19957898112234101 
24.384384384384386 	 -0.2022961455183662 
24.454454454454456 	 -0.20498880303197045 
24.524524524524526 	 -0.20765662746474287 
24.594594594594597 	 -0.21029929562645547 
24.664664664664667 	 -0.21291648737415841 
24.734734734734737 	 -0.21550788565089607 
24.804804804804807 	 -0.21807317652433875 
24.874874874874877 	 -0.22061204922817718 
24.944944944944947 	 -0.22312419619519408 
25.015015015015017 	 -0.2256093130949735 
25.085085085085087 	 -0.22806709887152976 
25.155155155155157 	 -0.23049725577973573 
25.225225225225227 	 -0.23289948942134114 
25.295295295295297 	 -0.23527350878057557 
25.365365365365367 	 -0.23761902625933107 
25.435435435435437 	 -0.23993575771191844 
25.505505505505507 	 -0.24222342248079037 
25.575575575575577 	 -0.24448174343310222 
25.645645645645647 	 -0.24671044698812597 
25.715715715715717 	 -0.2489092631527877 
25.785785785785787 	 -0.2510779255545603 
25.855855855855857 	 -0.2532161714736802 
25.925925925925927 	 -0.25532374187491075 
25.995995995995997 	 -0.25740038143884836 
26.066066066066067 	 -0.25944583859276454 
26.136136136136138 	 -0.26145986554098416 
26.206206206206208 	 -0.2634422182984875 
26.276276276276278 	 -0.2653926567185583 
26.346346346346348 	 -0.26731094451823595 
26.416416416416418 	 -0.2691968493093011 
26.486486486486488 	 -0.27105014262637533 
26.556556556556558 	 -0.27287059995453583 
26.626626626626628 	 -0.27465800075643865 
26.696696696696698 	 -0.2764121284989472 
26.766766766766768 	 -0.27813277067926023 
26.836836836836838 	 -0.27981971885110396 
26.906906906906908 	 -0.2814727686561366 
26.976976976976978 	 -0.28309171983991177 
27.047047047047048 	 -0.2846763762771745 
27.117117117117118 	 -0.28622654599704783 
27.187187187187188 	 -0.28774204120620167 
27.25725725725726 	 -0.28922267831149956 
27.32732732732733 	 -0.2906682779421192 
27.3973973973974 	 -0.29207866497114326 
27.46746746746747 	 -0.2934536685366155 
27.53753753753754 	 -0.2947931220620581 
27.60760760760761 	 -0.2960968632785947 
27.67767767767768 	 -0.2973647342557153 
27.74774774774775 	 -0.2985965814012398 
27.81781781781782 	 -0.29979225548507854 
27.88788788788789 	 -0.3009516116590879 
27.95795795795796 	 -0.30207450947453307 
28.02802802802803 	 -0.3031608128990022 
28.0980980980981 	 -0.30421039033276853 
28.16816816816817 	 -0.30522311462459617 
28.23823823823824 	 -0.3061988630869864 
28.30830830830831 	 -0.30713751751086105 
28.37837837837838 	 -0.30803896418301935 
28.44844844844845 	 -0.30890309390818793 
28.51851851851852 	 -0.3097298020039907 
28.58858858858859 	 -0.3105189883203512 
28.65865865865866 	 -0.311270557252473 
28.72872872872873 	 -0.3119844177523218 
28.7987987987988 	 -0.3126604833395372 
28.86886886886887 	 -0.313298672111772 
28.93893893893894 	 -0.31389890675445475 
29.00900900900901 	 -0.31446111454997455 
29.07907907907908 	 -0.3149852273862831 
29.14914914914915 	 -0.31547118177070266 
29.21921921921922 	 -0.31591891884316203 
29.28928928928929 	 -0.31632838436407246 
29.35935935935936 	 -0.3166995287296052 
29.42942942942943 	 -0.31703230697803625 
29.4994994994995 	 -0.31732667879508825 
29.56956956956957 	 -0.31758260851869163 
29.63963963963964 	 -0.31780006514316134 
29.70970970970971 	 -0.3179790223227877 
29.77977977977978 	 -0.3181194583748384 
29.84984984984985 	 -0.3182213562819698 
29.91991991991992 	 -0.3182847037023729 
29.98998998998999 	 -0.3183094929712263 
30.06006006006006 	 -0.31829572108600446 
30.13013013013013 	 -0.3182433897153612 
30.2002002002002 	 -0.31815250519890126 
30.27027027027027 	 -0.31802307854630063 
30.34034034034034 	 -0.31785512543584243 
30.41041041041041 	 -0.31764866621236515 
30.48048048048048 	 -0.317403725884623 
30.55055055055055 	 -0.31712033412205615 
30.62062062062062 	 -0.31679852525099134 
30.69069069069069 	 -0.316438338261787 
30.76076076076076 	 -0.3160398167966081 
30.83083083083083 	 -0.3156030091342348 
30.9009009009009 	 -0.3151279681913683 
30.97097097097097 	 -0.314614751516123 
31.04104104104104 	 -0.3140634212809388 
31.11111111111111 	 -0.31347404427491377 
31.18118118118118 	 -0.31284669189555514 
31.25125125125125 	 -0.31218144013994875 
31.32132132132132 	 -0.31147836959534536 
31.391391391391394 	 -0.31073756542949615 
31.461461461461464 	 -0.3099591173938576 
31.531531531531535 	 -0.30914311979849135 
31.601601601601605 	 -0.30828967149671666 
31.671671671671675 	 -0.3073988758785461 
31.741741741741745 	 -0.3064708408580596 
31.811811811811815 	 -0.3055056788602127 
31.881881881881885 	 -0.3045035068070779 
31.951951951951955 	 -0.30346444610351886 
32.02202202202202 	 -0.30238862262229793 
32.092092092092095 	 -0.3012761666886161 
32.16216216216216 	 -0.30012721306511025 
32.232232232232235 	 -0.2989419009497796 
32.3023023023023 	 -0.2977203739400355 
32.372372372372375 	 -0.2964627800164604 
32.44244244244244 	 -0.2951692715286821 
32.512512512512515 	 -0.2938400051768141 
32.58258258258258 	 -0.2924751419923536 
32.652652652652655 	 -0.29107484731853184 
32.72272272272272 	 -0.2896392907901226 
32.792792792792795 	 -0.2881686463127044 
32.86286286286286 	 -0.286663092041382 
32.932932932932935 	 -0.2851228103628533 
33.003003003003 	 -0.2835479878966588 
33.073073073073076 	 -0.2819388154301841 
33.14314314314314 	 -0.2802954879068468 
33.213213213213216 	 -0.2786182044071196 
33.28328328328328 	 -0.27690716812419336 
33.353353353353356 	 -0.27516258633910695 
33.42342342342342 	 -0.2733846703953524 
33.493493493493496 	 -0.2715736356729494 
33.56356356356356 	 -0.26972970156199616 
33.633633633633636 	 -0.26785309143569175 
33.7037037037037 	 -0.2659440326228364 
33.773773773773776 	 -0.26400275637980425 
33.84384384384384 	 -0.2620294978619967 
33.913913913913916 	 -0.2600244960947695 
33.98398398398398 	 -0.25798799394384175 
34.054054054054056 	 -0.2559202381496088 
34.12412412412412 	 -0.2538214792806897 
34.194194194194196 	 -0.25169197159164225 
34.26426426426426 	 -0.249531973061115 
34.334334334334336 	 -0.24734174536073125 
34.4044044044044 	 -0.245121553823134 
34.474474474474476 	 -0.2428716674095508 
34.54454454454454 	 -0.2405923586768868 
34.61461461461462 	 -0.23828390374434094 
34.68468468468468 	 -0.235946582259554 
34.75475475475476 	 -0.23358067736428317 
34.82482482482482 	 -0.23118647565961192 
34.8948948948949 	 -0.2287642671706901 
34.96496496496496 	 -0.2263143453110127 
35.03503503503504 	 -0.223837006846232 
35.1051051051051 	 -0.22133255186928186 
35.17517517517518 	 -0.2188012838671633 
35.24524524524524 	 -0.21624350951525118 
35.31531531531532 	 -0.2136595386741217 
35.38538538538538 	 -0.2110496843772385 
35.45545545545546 	 -0.20841426279280142 
35.525525525525524 	 -0.20575359318519032 
35.5955955955956 	 -0.2030679978759975 
35.665665665665664 	 -0.2003578022046599 
35.73573573573574 	 -0.19762333448868585 
35.805805805805804 	 -0.19486492598348698 
35.87587587587588 	 -0.19208291084180987 
35.94594594594595 	 -0.18927762607277815 
36.01601601601602 	 -0.18644941150054148 
36.08608608608609 	 -0.18359860972253633 
36.15615615615616 	 -0.18072556606736423 
36.22622622622623 	 -0.17783062860757629 
36.2962962962963 	 -0.1749141481251189 
36.36636636636637 	 -0.17197647793677137 
36.43643643643644 	 -0.16901797392449394 
36.50650650650651 	 -0.1660389944934705 
36.57657657657658 	 -0.1630399005284821 
36.64664664664665 	 -0.16002105534994818 
36.71671671671672 	 -0.15698282466964936 
36.78678678678679 	 -0.15392557654612513 
36.85685685685686 	 -0.15084968133976012 
36.92692692692693 	 -0.14775551166755274 
36.996996996997 	 -0.1446434423575797 
37.06706706706707 	 -0.14151385040315004 
37.13713713713714 	 -0.13836711491666218 
37.20720720720721 	 -0.13520361708315795 
37.27727727727728 	 -0.13202374012015827 
37.34734734734735 	 -0.12882786931771298 
37.41741741741742 	 -0.12561639186293372 
37.48748748748749 	 -0.12238969680769915 
37.55755755755756 	 -0.11914817504692475 
37.62762762762763 	 -0.11589221927103881 
37.6976976976977 	 -0.1126222239182245 
37.76776776776777 	 -0.10933858512642174 
37.83783783783784 	 -0.10604170068510398 
37.90790790790791 	 -0.10273196998682381 
37.97797797797798 	 -0.09940979397854222 
38.04804804804805 	 -0.09607557511273548 
38.11811811811812 	 -0.09272971729829471 
38.18818818818819 	 -0.08937262585121168 
38.25825825825826 	 -0.08600470744506634 
38.32832832832833 	 -0.0826263700613094 
38.3983983983984 	 -0.07923802297359159 
38.46846846846847 	 -0.07584007671938348 
38.53853853853854 	 -0.07243294294194817 
38.60860860860861 	 -0.06901703439509196 
38.67867867867868 	 -0.06559276489518724 
38.74874874874875 	 -0.062160549270899576 
38.81881881881882 	 -0.058720803312780456 
38.88888888888889 	 -0.055273943722719696 
38.95895895895896 	 -0.05182038806327374 
39.02902902902903 	 -0.04836055470686389 
39.0990990990991 	 -0.04489486278486053 
39.16916916916917 	 -0.041423732136547514 
39.23923923923924 	 -0.037947583257982816 
39.30930930930931 	 -0.034466837250749366 
39.37937937937938 	 -0.030981915770612465 
39.44944944944945 	 -0.027493240978764173 
39.51951951951952 	 -0.024001235547169483 
39.58958958958959 	 -0.020506322531312297 
39.65965965965966 	 -0.01700892531860879 
39.72972972972973 	 -0.013509467597147797 
39.7997997997998 	 -0.010008373304275456 
39.86986986986987 	 -0.006506066575132554 
39.93993993993994 	 -0.0030029716911618674 
40.010010010010014 	 0.0005004869714205322 
40.08008008008008 	 0.004003884993172772 
40.150150150150154 	 0.007506797962999426 
40.22022022022022 	 0.011008801529731415 
40.290290290290294 	 0.014509471453719357 
40.36036036036036 	 0.018008383658423353 
40.430430430430434 	 0.02150511428200497 
40.5005005005005 	 0.024999239728904468 
40.570570570570574 	 0.02849033670622169 
40.64064064064064 	 0.03197798225647682 
40.710710710710714 	 0.035461753871101814 
40.78078078078078 	 0.0389412295129584 
40.850850850850854 	 0.0424159876655198 
40.92092092092092 	 0.045885607383983985 
40.990990990990994 	 0.04934966834632885 
41.06106106106106 	 0.05280775090429216 
41.131131131131134 	 0.05625943613428157 
41.2012012012012 	 0.059704305888197334 
41.271271271271274 	 0.06314194284417317 
41.34134134134134 	 0.06657193055721795 
41.411411411411414 	 0.06999385350976346 
41.48148148148148 	 0.07340729716210116 
41.551551551551555 	 0.07681184800271296 
41.62162162162162 	 0.08020709359795514 
41.691691691691695 	 0.08359262262228465 
41.76176176176176 	 0.08696802493181277 
41.831831831831835 	 0.09033289161805959 
41.9019019019019 	 0.09368681504892493 
41.971971971971975 	 0.09702938891808319 
42.04204204204204 	 0.10036020829421193 
42.112112112112115 	 0.10367886967005896 
42.18218218218218 	 0.1069849710113312 
42.252252252252255 	 0.1102781118054096 
42.32232232232232 	 0.11355789310987353 
42.392392392392395 	 0.11682391760083899 
42.46246246246246 	 0.12007578962109387 
42.532532532532535 	 0.1233131152280349 
42.6026026026026 	 0.12653550224138926 
42.672672672672675 	 0.12974256029072548 
42.74274274274274 	 0.13293390086248946 
42.812812812812815 	 0.13610913734517655 
42.88288288288288 	 0.13926788507933185 
42.952952952952955 	 0.1424097614033852 
43.02302302302302 	 0.14553438569953744 
43.093093093093096 	 0.1486413794398319 
43.16316316316316 	 0.15173036623196132 
43.233233233233236 	 0.15480097186481348 
43.3033033033033 	 0.15785282435374018 
43.373373373373376 	 0.16088555398555227 
43.44344344344344 	 0.16389879336322583 
43.513513513513516 	 0.16689217745032225 
43.58358358358358 	 0.16986534361510677 
43.653653653653656 	 0.17281793167436896 
43.72372372372372 	 0.17574958393692913 
43.793793793793796 	 0.17865994524683418 
43.86386386386386 	 0.18154866303279268 
43.933933933933936 	 0.18441538736472343 
44.004004004004 	 0.1872597709602424 
44.074074074074076 	 0.1900814692414617 
44.14414414414414 	 0.19288014037844223 
44.214214214214216 	 0.19565544533052004 
44.28428428428428 	 0.198407047887277 
44.354354354354356 	 0.2011346147091596 
44.42442442442442 	 0.2038378153677306 
44.4944944944945 	 0.2065163223855566 
44.56456456456456 	 0.20916981127571654 
44.63463463463464 	 0.2117979605809341 
44.7047047047047 	 0.21440045191231916 
44.77477477477478 	 0.21697696998772087 
44.84484484484484 	 0.21952720266967846 
44.91491491491492 	 0.22205084100297104 
44.98498498498499 	 0.22454757927572164 
45.05505505505506 	 0.22701711505733801 
45.12512512512513 	 0.22945914918149324 
45.1951951951952 	 0.23187338581277983 
45.26526526526527 	 0.23425953248288395 
45.33533533533534 	 0.23661730012587825 
45.40540540540541 	 0.2389464031130875 
45.47547547547548 	 0.24124655928751387 
45.54554554554555 	 0.24351748999782338 
45.61561561561562 	 0.24575892013188116 
45.68568568568569 	 0.24797057814983653 
45.75575575575576 	 0.2501521961167452 
45.82582582582583 	 0.25230350973473076 
45.8958958958959 	 0.2544242583746714 
45.96596596596597 	 0.25651418510741497 
46.03603603603604 	 0.25857303673495685 
46.10610610610611 	 0.260600563876225 
46.17617617617618 	 0.2625965209433205 
46.24624624624625 	 0.2645606661409295 
46.31631631631632 	 0.26649276152713763 
46.38638638638639 	 0.26839257304209646 
46.45645645645646 	 0.27025987053619466 
46.52652652652653 	 0.27209442779773346 
46.5965965965966 	 0.27389602258009627 
46.66666666666667 	 0.27566443662841233 
46.73673673673674 	 0.27739945570570457 
46.80680680680681 	 0.2791008696185213 
46.87687687687688 	 0.2807684722420417 
46.94694694694695 	 0.28240206154465497 
47.01701701701702 	 0.2840014396120032 
47.08708708708709 	 0.28556641267048766 
47.15715715715716 	 0.28709679111642855 
47.22722722722723 	 0.28859238961838823 
47.2972972972973 	 0.2900530270202485 
47.36736736736737 	 0.2914785263775775 
47.43743743743744 	 0.2928687150021558 
47.50750750750751 	 0.29422342448269906 
47.57757757757758 	 0.2955424907050326 
47.64764764764765 	 0.2968257538717182 
47.71771771771772 	 0.29807305852112453 
47.78778778778779 	 0.29928425354594 
47.85785785785786 	 0.300459192211121 
47.92792792792793 	 0.30159773217127367 
47.997997997998 	 0.3026997354874622 
48.06806806806807 	 0.303765068643442 
48.13813813813814 	 0.3047936025613098 
48.20820820820821 	 0.30578521261657027 
48.27827827827828 	 0.3067397786742799 
48.34834834834835 	 0.3076571851804957 
48.41841841841842 	 0.3085373210128038 
48.48848848848849 	 0.309380079551036 
48.55855855855856 	 0.3101853587023776 
48.62862862862863 	 0.3109530609135024 
48.6986986986987 	 0.3116830931821249 
48.76876876876877 	 0.3123753670679693 
48.83883883883884 	 0.31302979870314784 
48.90890890890891 	 0.31364630880194805 
48.97897897897898 	 0.31422482267002344 
49.04904904904905 	 0.3147652702129849 
49.11911911911912 	 0.31526758594438864 
49.18918918918919 	 0.31573170899311787 
49.25925925925926 	 0.31615758311015324 
49.32932932932933 	 0.3165451566747301 
49.3993993993994 	 0.31689438274968834 
49.46946946946947 	 0.31720521912021565 
49.53953953953954 	 0.3174776281371637 
49.60960960960961 	 0.3177115768026723 
49.67967967967968 	 0.31790703677731796 
49.74974974974975 	 0.3180639843832846 
49.81981981981982 	 0.3181824006069345 
49.88988988988989 	 0.3182622711007775 
49.95995995995996 	 0.3183035861848349 
50.030030030030034 	 0.3183063408473959 
50.1001001001001 	 0.318270534745164 
50.170170170170174 	 0.3181961722027902 
50.24024024024024 	 0.3180832622117907 
50.310310310310314 	 0.31793181842884627 
50.38038038038038 	 0.31774185917348075 
50.450450450450454 	 0.31751340742512746 
50.52052052052052 	 0.31724649090008644 
50.590590590590594 	 0.3169411419971052 
50.66066066066066 	 0.31659739770888595 
50.730730730730734 	 0.3162152996793763 
50.8008008008008 	 0.3157948941986022 
50.870870870870874 	 0.3153362321969137 
50.94094094094094 	 0.3148393692386446 
51.011011011011014 	 0.31430436551518154 
51.08108108108108 	 0.31373128583744525 
51.151151151151154 	 0.3131201996277781 
51.22122122122122 	 0.31247118091124093 
51.291291291291294 	 0.3117843083063145 
51.36136136136136 	 0.3110596650150064 
51.431431431431434 	 0.310297338812361 
51.5015015015015 	 0.3094974220490876 
51.571571571571575 	 0.30866001167225465 
51.64164164164164 	 0.30778520913566443 
51.711711711711715 	 0.30687312041820397 
51.78178178178178 	 0.3059238560148658 
51.851851851851855 	 0.30493753092308795 
51.92192192192192 	 0.3039142646285138 
51.991991991991995 	 0.30285418109016937 
52.06206206206206 	 0.30175740872505874 
52.132132132132135 	 0.3006240803921755 
52.2022022022022 	 0.2994543333759311 
52.272272272272275 	 0.2982483093689975 
52.34234234234234 	 0.29700615445456596 
52.412412412412415 	 0.29572801908801805 
52.48248248248248 	 0.2944140580821643 
52.552552552552555 	 0.2930644306781492 
52.62262262262262 	 0.2916793004083917 
52.692692692692695 	 0.2902588350743313 
52.76276276276276 	 0.2888032067575898 
52.832832832832835 	 0.28731259179894303 
52.9029029029029 	 0.28578717077675164 
52.972972972972975 	 0.2842271284848469 
53.04304304304304 	 0.2826326539098759 
53.113113113113116 	 0.28100394020810276 
53.18318318318318 	 0.2793411846816706 
53.253253253253256 	 0.27764458875432024 
53.32332332332332 	 0.27591435794657143 
53.393393393393396 	 0.27415070185036083 
53.46346346346346 	 0.2723538341031439 
53.533533533533536 	 0.27052397239855563 
53.6036036036036 	 0.2686613384623288 
53.673673673673676 	 0.26676615794345054 
53.74374374374374 	 0.26483866043258164 
53.813813813813816 	 0.26287907943470346 
53.88388388388389 	 0.26088765234060723 
53.953953953953956 	 0.2588646203978796 
54.02402402402403 	 0.25681022868138853 
54.094094094094096 	 0.25472472606327173 
54.16416416416417 	 0.25260836518242547 
54.234234234234236 	 0.2504614024134999 
54.30430430430431 	 0.24828409783539723 
54.374374374374376 	 0.24607671519927937 
54.44444444444445 	 0.24383952189608057 
54.51451451451452 	 0.24157278893644407 
54.58458458458459 	 0.23927679098222823 
54.65465465465466 	 0.23695180619273615 
54.72472472472473 	 0.23459811622668936 
54.7947947947948 	 0.23221600621972435 
54.86486486486487 	 0.22980576474965556 
54.93493493493494 	 0.22736768380129818 
55.00500500500501 	 0.22490205873084507 
55.07507507507508 	 0.2224091882298082 
55.14514514514515 	 0.21988937428851874 
55.21521521521522 	 0.21734292215919654 
55.28528528528529 	 0.21477014031858285 
55.35535535535536 	 0.21217134043014724 
55.42542542542543 	 0.2095468373058621 
55.4954954954955 	 0.20689694886804072 
55.56556556556557 	 0.20422199615610961 
55.63563563563564 	 0.20152230324640888 
55.70570570570571 	 0.19879819718972175 
55.77577577577578 	 0.19605000799482836 
55.84584584584585 	 0.19327806858858726 
55.91591591591592 	 0.19048271477566664 
55.98598598598599 	 0.18766428519791978 
56.05605605605606 	 0.18482312129341846 
56.12612612612613 	 0.1819595672551388 
56.1961961961962 	 0.17907396998931288 
56.26626626626627 	 0.17616667907344138 
56.33633633633634 	 0.1732380467133347 
56.40640640640641 	 0.17028842768847377 
56.47647647647648 	 0.16731817932411014 
56.54654654654655 	 0.16432766144778718 
56.61661661661662 	 0.16131723634184533 
56.68668668668669 	 0.15828726869931492 
56.75675675675676 	 0.155238125579494 
56.82682682682683 	 0.15217017636320573 
56.8968968968969 	 0.1490837927077479 
56.96696696696697 	 0.14597934850152922 
57.03703703703704 	 0.14285721981840546 
57.10710710710711 	 0.13971778487170936 
57.17717717717718 	 0.13656142397333645 
57.24724724724725 	 0.13338851952492098 
57.31731731731732 	 0.13019945591108897 
57.38738738738739 	 0.12699461946661827 
57.45745745745746 	 0.12377439843710396 
57.52752752752753 	 0.12053918293190863 
57.5975975975976 	 0.11728936487688592 
57.66766766766767 	 0.11402533796687234 
57.73773773773774 	 0.11074749761796249 
57.80780780780781 	 0.10745624091956248 
57.87787787787788 	 0.10415196658623684 
57.94794794794795 	 0.10083507490934338 
58.01801801801802 	 0.09750596770927356 
58.08808808808809 	 0.09416504828909092 
58.15815815815816 	 0.09081272138063884 
58.22822822822823 	 0.08744939309723151 
58.2982982982983 	 0.08407547088468792 
58.36836836836837 	 0.08069136347188294 
58.43843843843844 	 0.07729748082113594 
58.50850850850851 	 0.07389423407843052 
58.57857857857858 	 0.07048203552348166 
58.64864864864865 	 0.06706129851964442 
58.71871871871872 	 0.0636324374636802 
58.78878878878879 	 0.06019586773537482 
58.85885885885886 	 0.05675200565337454 
58.92892892892893 	 0.05330126843106103 
58.998998998999 	 0.049844074103979036 
59.06906906906907 	 0.04638084148929 
59.13913913913914 	 0.04291199013552119 
59.20920920920921 	 0.039437940271687184 
59.27927927927928 	 0.03595911275632698 
59.34934934934935 	 0.03247592902645076 
59.41941941941942 	 0.028988811046413324 
59.48948948948949 	 0.025498181256708555 
59.55955955955956 	 0.022004462522701697 
59.62962962962963 	 0.018508078083293862 
59.6996996996997 	 0.015009451504917698 
59.76976976976977 	 0.011509006629525753 
59.83983983983984 	 0.008007167513838277 
59.90990990990991 	 0.004504358383373187 
59.97997997997998 	 0.0010010035810548608 
60.050050050050054 	 -0.0025024724842316465 
60.12012012012012 	 -0.006005645389094066 
60.190190190190194 	 -0.009508090747099391 
60.26026026026026 	 -0.013009384260236276 
60.330330330330334 	 -0.01650910177037869 
60.4004004004004 	 -0.020006819310733656 
60.470470470470474 	 -0.02350211315724767 
60.54054054054054 	 -0.026994559874848813 
60.610610610610614 	 -0.0304837363729556 
60.68068068068068 	 -0.03396921996007235 
60.750750750750754 	 -0.037450588392121544 
60.82082082082082 	 -0.04092741992360985 
60.890890890890894 	 -0.04439929335874168 
60.96096096096096 	 -0.04786578810246298 
61.031031031031034 	 -0.05132648421144022 
61.1011011011011 	 -0.05478096244495747 
61.171171171171174 	 -0.0582288043157366 
61.24124124124124 	 -0.06166959214066324 
61.311311311311314 	 -0.0651029090913007 
61.38138138138138 	 -0.06852833924153715 
61.451451451451454 	 -0.07194546762145136 
61.52152152152152 	 -0.0753538802678119 
61.591591591591595 	 -0.0787531642732526 
61.66166166166166 	 -0.08214290783629172 
61.731731731731735 	 -0.08552270031122176 
61.8018018018018 	 -0.08889213225785356 
61.871871871871875 	 -0.09225079549111863 
61.94194194194194 	 -0.09559828313051322 
62.012012012012015 	 -0.09893418964938847 
62.08208208208208 	 -0.10225811092406978 
62.152152152152155 	 -0.10556964428282767 
62.22222222222222 	 -0.1088683885547983 
62.292292292292295 	 -0.1121539441183508 
62.36236236236236 	 -0.11542591294952799 
62.432432432432435 	 -0.11868389867028568 
62.5025025025025 	 -0.12192750659649242 
62.572572572572575 	 -0.1251563437857259 
62.64264264264264 	 -0.12837001908484935 
62.712712712712715 	 -0.13156814317737234 
62.78278278278279 	 -0.13475032863057929 
62.852852852852855 	 -0.13791618994242824 
62.92292292292293 	 -0.14106534358827533 
62.992992992992995 	 -0.14419740806988002 
63.06306306306307 	 -0.14731200395887858 
63.133133133133136 	 -0.1504087539420492 
63.20320320320321 	 -0.1534872828680327 
63.273273273273276 	 -0.15654721779274985 
63.34334334334335 	 -0.15958818802455044 
63.413413413413416 	 -0.16260982516907857 
63.48348348348349 	 -0.1656117631738579 
63.553553553553556 	 -0.16859363837258068 
63.62362362362363 	 -0.17155508952910462 
63.693693693693696 	 -0.17449575788114172 
63.76376376376377 	 -0.17741528718686095 
63.833833833833836 	 -0.18031332376699402 
63.90390390390391 	 -0.18318951654317434 
63.973973973973976 	 -0.18604351708319014 
64.04404404404404 	 -0.18887497964316002 
64.11411411411412 	 -0.19168356120936977 
64.18418418418419 	 -0.19446892153977022 
64.25425425425426 	 -0.19723072320513155 
64.32432432432432 	 -0.19996863162984485 
64.3943943943944 	 -0.20268231513237006 
64.46446446446447 	 -0.20537144496531548 
64.53453453453454 	 -0.20803569535787694 
64.6046046046046 	 -0.21067474355849325 
64.67467467467468 	 -0.21328826986392574 
64.74474474474475 	 -0.21587595766238832 
64.81481481481482 	 -0.21843749347212335 
64.88488488488488 	 -0.22097256697931883 
64.95495495495496 	 -0.22348087107563394 
65.02502502502503 	 -0.22596210189531998 
65.0950950950951 	 -0.2284159588519406 
65.16516516516516 	 -0.23084214467467828 
65.23523523523524 	 -0.2332403654442272 
65.30530530530531 	 -0.2356103306299444 
65.37537537537538 	 -0.23795175313256328 
65.44544544544544 	 -0.24026434930527868 
65.51551551551552 	 -0.2425478389921364 
65.58558558558559 	 -0.2448019455630856 
65.65565565565566 	 -0.24702639594742454 
65.72572572572572 	 -0.24922092066679982 
65.7957957957958 	 -0.2513852538677597 
65.86586586586587 	 -0.2535191333538489 
65.93593593593594 	 -0.2556223006172487 
66.006006006006 	 -0.2576945008699503 
66.07607607607608 	 -0.259735483075132 
66.14614614614615 	 -0.2617449999878766 
66.21621621621622 	 -0.2637228081714878 
66.28628628628628 	 -0.26566866802750627 
66.35635635635636 	 -0.26758234382763846 
66.42642642642643 	 -0.26946360374223477 
66.4964964964965 	 -0.2713122198682861 
66.56656656656656 	 -0.2731279682569263 
66.63663663663664 	 -0.27491062894044194 
66.70670670670671 	 -0.2766599859587771 
66.77677677677679 	 -0.2783758273855373 
66.84684684684684 	 -0.2800579453535413 
66.91691691691692 	 -0.28170613609025075 
66.98698698698699 	 -0.28332019993421814 
67.05705705705707 	 -0.28489994135235736 
67.12712712712712 	 -0.286445168969348 
67.1971971971972 	 -0.2879556955907384 
67.26726726726727 	 -0.28943133822552364 
67.33733733733735 	 -0.29087191810820034 
67.4074074074074 	 -0.2922772607202901 
67.47747747747748 	 -0.2936471958113299 
67.54754754754755 	 -0.29498155741932136 
67.61761761761763 	 -0.2962801838906394 
67.68768768768768 	 -0.29754291789770104 
67.75775775775776 	 -0.2987696065010781 
67.82782782782783 	 -0.299960101079981 
67.8978978978979 	 -0.30111425741486564 
67.96796796796797 	 -0.3022319356877151 
68.03803803803804 	 -0.30331300049898824 
68.10810810810811 	 -0.30435732088398537 
68.17817817817819 	 -0.3053647703286373 
68.24824824824825 	 -0.30633522678471264 
68.31831831831832 	 -0.30726857268444735 
68.38838838838839 	 -0.3081646949545921 
68.45845845845847 	 -0.3090234850363365 
68.52852852852853 	 -0.30984483891246933 
68.5985985985986 	 -0.31062865708470094 
68.66866866866867 	 -0.3113748445996541 
68.73873873873875 	 -0.3120833110619066 
68.8088088088088 	 -0.31275397064471294 
68.87887887887888 	 -0.31338674210015083 
68.94894894894895 	 -0.31398154876869344 
69.01901901901903 	 -0.3145383185882076 
69.08908908908909 	 -0.31505698410237687 
69.15915915915916 	 -0.3155374824685514 
69.22922922922923 	 -0.3159797554650212 
69.2992992992993 	 -0.3163837494977169 
69.36936936936937 	 -0.31674941562674647 
69.43943943943944 	 -0.31707670959654666 
69.50950950950951 	 -0.3173655917603929 
69.57957957957959 	 -0.31761602712209475 
69.64964964964965 	 -0.31782798534261636 
69.71971971971972 	 -0.3180014407436974 
69.7897897897898 	 -0.31813637231091135 
69.85985985985987 	 -0.3182327636961629 
69.92992992992993 	 -0.31829060321962266 
70.0 	 -0.3183098838711008 
