0.0 	 4e-12 
0.07007007007007007 	 4.002239258247879e-12 
0.14014014014014015 	 4.0030838848714205e-12 
0.21021021021021022 	 4.002567351522105e-12 
0.2802802802802803 	 4.0007347240827584e-12 
0.35035035035035034 	 3.99775844634057e-12 
0.42042042042042044 	 3.993689571389834e-12 
0.49049049049049054 	 3.988528099230554e-12 
0.5605605605605606 	 3.982274029862726e-12 
0.6306306306306306 	 3.974927363286353e-12 
0.7007007007007007 	 3.966488099501433e-12 
0.7707707707707708 	 3.956956238507968e-12 
0.8408408408408409 	 3.946331780305955e-12 
0.9109109109109109 	 3.9346147248953974e-12 
0.9809809809809811 	 3.921805072276293e-12 
1.0510510510510511 	 3.9079028224486425e-12 
1.1211211211211212 	 3.892911720371288e-12 
1.1911911911911912 	 3.877101210604757e-12 
1.2612612612612613 	 3.860637267699804e-12 
1.3313313313313313 	 3.843519891656432e-12 
1.4014014014014013 	 3.825749082474639e-12 
1.4714714714714716 	 3.807324840154425e-12 
1.5415415415415417 	 3.788247164695791e-12 
1.6116116116116117 	 3.768516056098736e-12 
1.6816816816816818 	 3.748131514363262e-12 
1.7517517517517518 	 3.727093539489366e-12 
1.8218218218218218 	 3.705402131477051e-12 
1.8918918918918919 	 3.6830572903263145e-12 
1.9619619619619622 	 3.6600590160371575e-12 
2.032032032032032 	 3.6365639133722545e-12 
2.1021021021021022 	 3.6127815161332216e-12 
2.1721721721721723 	 3.5887128974956594e-12 
2.2422422422422423 	 3.5643580574595673e-12 
2.3123123123123124 	 3.539716996024946e-12 
2.3823823823823824 	 3.5147897131917953e-12 
2.4524524524524525 	 3.4895762089601145e-12 
2.5225225225225225 	 3.4640764833299046e-12 
2.5925925925925926 	 3.438290536301165e-12 
2.6626626626626626 	 3.412218367873896e-12 
2.7327327327327327 	 3.3858599780480974e-12 
2.8028028028028027 	 3.3592153668237692e-12 
2.872872872872873 	 3.3323706952279174e-12 
2.9429429429429432 	 3.3055619797228223e-12 
3.0130130130130133 	 3.2788027094218344e-12 
3.0830830830830833 	 3.2520928843249534e-12 
3.1531531531531534 	 3.2254325044321793e-12 
3.2232232232232234 	 3.198821569743512e-12 
3.2932932932932935 	 3.1722600802589515e-12 
3.3633633633633635 	 3.145748035978498e-12 
3.4334334334334335 	 3.1192854369021515e-12 
3.5035035035035036 	 3.0928722830299116e-12 
3.5735735735735736 	 3.066508574361779e-12 
3.6436436436436437 	 3.0401943108977526e-12 
3.7137137137137137 	 3.0139294926378336e-12 
3.7837837837837838 	 2.9877141195820215e-12 
3.853853853853854 	 2.961548191730316e-12 
3.9239239239239243 	 2.9354317090827177e-12 
3.9939939939939944 	 2.909364671639226e-12 
4.064064064064064 	 2.8833470793998417e-12 
4.134134134134134 	 2.8573789323645638e-12 
4.2042042042042045 	 2.831460230533393e-12 
4.2742742742742745 	 2.8055909739063292e-12 
4.344344344344345 	 2.7797711624833722e-12 
4.414414414414415 	 2.754000796264522e-12 
4.484484484484485 	 2.7282798752497787e-12 
4.554554554554555 	 2.7026083994391423e-12 
4.624624624624625 	 2.676986368832613e-12 
4.694694694694695 	 2.6514137834301903e-12 
4.764764764764765 	 2.6258906432318747e-12 
4.834834834834835 	 2.600416948237666e-12 
4.904904904904905 	 2.5749926984475642e-12 
4.974974974974975 	 2.5496178938615692e-12 
5.045045045045045 	 2.524292534479681e-12 
5.115115115115115 	 2.4990166203018997e-12 
5.185185185185185 	 2.4737901513282257e-12 
5.255255255255255 	 2.448613127558658e-12 
5.325325325325325 	 2.4234855489931977e-12 
5.395395395395395 	 2.398407415631844e-12 
5.465465465465465 	 2.3733787274745974e-12 
5.535535535535535 	 2.3483994845214576e-12 
5.605605605605605 	 2.32347974214516e-12 
5.675675675675676 	 2.298754655809383e-12 
5.745745745745746 	 2.2742666798931932e-12 
5.815815815815816 	 2.2500158143965888e-12 
5.8858858858858865 	 2.226002059319571e-12 
5.9559559559559565 	 2.2022254146621392e-12 
6.0260260260260265 	 2.1786858804242937e-12 
6.096096096096097 	 2.155383456606034e-12 
6.166166166166167 	 2.1323181432073605e-12 
6.236236236236237 	 2.1094899402282728e-12 
6.306306306306307 	 2.0868988476687716e-12 
6.376376376376377 	 2.0645448655288563e-12 
6.446446446446447 	 2.042427993808527e-12 
6.516516516516517 	 2.020548232507784e-12 
6.586586586586587 	 1.998905581626627e-12 
6.656656656656657 	 1.977500041165056e-12 
6.726726726726727 	 1.956331611123071e-12 
6.796796796796797 	 1.9354002915006725e-12 
6.866866866866867 	 1.91470608229786e-12 
6.936936936936937 	 1.8942489835146335e-12 
7.007007007007007 	 1.874028995150993e-12 
7.077077077077077 	 1.8540461172069387e-12 
7.147147147147147 	 1.8343003496824703e-12 
7.217217217217217 	 1.8147916925775884e-12 
7.287287287287287 	 1.7955201458922923e-12 
7.357357357357357 	 1.7764857096265823e-12 
7.4274274274274275 	 1.7576883837804584e-12 
7.4974974974974975 	 1.7391281683539207e-12 
7.5675675675675675 	 1.720805063346969e-12 
7.637637637637638 	 1.7027190687596034e-12 
7.707707707707708 	 1.6848701845918238e-12 
7.777777777777778 	 1.6672584108436304e-12 
7.847847847847849 	 1.649883747515023e-12 
7.917917917917919 	 1.6327461946060018e-12 
7.987987987987989 	 1.6158457521165666e-12 
8.058058058058059 	 1.5991824200467175e-12 
8.128128128128129 	 1.5827561983964547e-12 
8.198198198198199 	 1.5665670871657778e-12 
8.268268268268269 	 1.5506150863546872e-12 
8.338338338338339 	 1.5349001959631825e-12 
8.408408408408409 	 1.5194031600085287e-12 
8.478478478478479 	 1.5040995666443334e-12 
8.548548548548549 	 1.488989332361546e-12 
8.618618618618619 	 1.474072457160167e-12 
8.68868868868869 	 1.4593489410401961e-12 
8.75875875875876 	 1.4448187840016335e-12 
8.82882882882883 	 1.4304819860444789e-12 
8.8988988988989 	 1.4163385471687324e-12 
8.96896896896897 	 1.4023884673743942e-12 
9.03903903903904 	 1.388631746661464e-12 
9.10910910910911 	 1.3750683850299422e-12 
9.17917917917918 	 1.3616983824798282e-12 
9.24924924924925 	 1.3485217390111227e-12 
9.31931931931932 	 1.335538454623825e-12 
9.38938938938939 	 1.3227485293179357e-12 
9.45945945945946 	 1.3101519630934546e-12 
9.52952952952953 	 1.2977487559503814e-12 
9.5995995995996 	 1.2855389078887165e-12 
9.66966966966967 	 1.2735224189084598e-12 
9.73973973973974 	 1.2616992890096112e-12 
9.80980980980981 	 1.2500695181921707e-12 
9.87987987987988 	 1.2386331064561385e-12 
9.94994994994995 	 1.2273900538015144e-12 
10.02002002002002 	 1.2163403602282983e-12 
10.09009009009009 	 1.2054840257364906e-12 
10.16016016016016 	 1.1948210503260909e-12 
10.23023023023023 	 1.1843514339970994e-12 
10.3003003003003 	 1.174075176749516e-12 
10.37037037037037 	 1.1639922785833408e-12 
10.44044044044044 	 1.1541027394985736e-12 
10.51051051051051 	 1.1444065594952147e-12 
10.58058058058058 	 1.134903738573264e-12 
10.65065065065065 	 1.1255942767327215e-12 
10.72072072072072 	 1.116478173973587e-12 
10.79079079079079 	 1.1075554302958607e-12 
10.86086086086086 	 1.0988260456995425e-12 
10.93093093093093 	 1.0902900201846327e-12 
11.001001001001 	 1.0819473537511307e-12 
11.07107107107107 	 1.073798046399037e-12 
11.14114114114114 	 1.0658333970343677e-12 
11.21121121121121 	 1.058010252721335e-12 
11.281281281281283 	 1.0503227449115232e-12 
11.351351351351353 	 1.0427708736049336e-12 
11.421421421421423 	 1.0353546388015653e-12 
11.491491491491493 	 1.0280740405014188e-12 
11.561561561561563 	 1.0209290787044937e-12 
11.631631631631633 	 1.0139197534107902e-12 
11.701701701701703 	 1.0070460646203083e-12 
11.771771771771773 	 1.000308012333048e-12 
11.841841841841843 	 9.937055965490092e-13 
11.911911911911913 	 9.87238817268192e-13 
11.981981981981983 	 9.809076744905965e-13 
12.052052052052053 	 9.747121682162224e-13 
12.122122122122123 	 9.6865229844507e-13 
12.192192192192193 	 9.627280651771391e-13 
12.262262262262263 	 9.569394684124298e-13 
12.332332332332333 	 9.51286508150942e-13 
12.402402402402403 	 9.457691843926757e-13 
12.472472472472473 	 9.403874971376311e-13 
12.542542542542543 	 9.35141446385808e-13 
12.612612612612613 	 9.300310321372066e-13 
12.682682682682684 	 9.250562543918268e-13 
12.752752752752754 	 9.202171131496684e-13 
12.822822822822824 	 9.155136084107315e-13 
12.892892892892894 	 9.109457401750163e-13 
12.962962962962964 	 9.065135084425227e-13 
13.033033033033034 	 9.022169132132507e-13 
13.103103103103104 	 8.980559544872003e-13 
13.173173173173174 	 8.940306322643714e-13 
13.243243243243244 	 8.90140946544764e-13 
13.313313313313314 	 8.863868973283782e-13 
13.383383383383384 	 8.82768484615214e-13 
13.453453453453454 	 8.792857084052714e-13 
13.523523523523524 	 8.759385686985504e-13 
13.593593593593594 	 8.727270654950508e-13 
13.663663663663664 	 8.696511987947729e-13 
13.733733733733734 	 8.667109685977166e-13 
13.803803803803804 	 8.639063749038819e-13 
13.873873873873874 	 8.612381310021244e-13 
13.943943943943944 	 8.587416180342449e-13 
14.014014014014014 	 8.564365168541488e-13 
14.084084084084084 	 8.543228274618363e-13 
14.154154154154154 	 8.524005498573072e-13 
14.224224224224224 	 8.506696840405616e-13 
14.294294294294295 	 8.491302300115995e-13 
14.364364364364365 	 8.477821877704209e-13 
14.434434434434435 	 8.466255573170258e-13 
14.504504504504505 	 8.456603386514143e-13 
14.574574574574575 	 8.448865317735861e-13 
14.644644644644645 	 8.443041366835414e-13 
14.714714714714715 	 8.439131533812804e-13 
14.784784784784785 	 8.437135818668027e-13 
14.854854854854855 	 8.437054221401086e-13 
14.924924924924925 	 8.438886742011979e-13 
14.994994994994995 	 8.442633380500708e-13 
15.065065065065065 	 8.448294136867271e-13 
15.135135135135135 	 8.455869011111669e-13 
15.205205205205205 	 8.465358003233902e-13 
15.275275275275275 	 8.47676111323397e-13 
15.345345345345345 	 8.490078341111873e-13 
15.415415415415415 	 8.505309686867611e-13 
15.485485485485485 	 8.522455150501184e-13 
15.555555555555555 	 8.541514732012592e-13 
15.625625625625625 	 8.562488431401835e-13 
15.695695695695697 	 8.585376248668913e-13 
15.765765765765767 	 8.610178183813825e-13 
15.835835835835837 	 8.636894236836573e-13 
15.905905905905907 	 8.665524407737156e-13 
15.975975975975977 	 8.696068696515573e-13 
16.046046046046047 	 8.728527103171826e-13 
16.116116116116117 	 8.762899627705912e-13 
16.186186186186188 	 8.799186270117835e-13 
16.256256256256258 	 8.837387030407592e-13 
16.326326326326328 	 8.877501908575184e-13 
16.396396396396398 	 8.919530904620611e-13 
16.466466466466468 	 8.963474018543873e-13 
16.536536536536538 	 9.00933125034497e-13 
16.606606606606608 	 9.057102600023902e-13 
16.676676676676678 	 9.10781014258258e-13 
16.746746746746748 	 9.163782104522782e-13 
16.816816816816818 	 9.225108871067947e-13 
16.886886886886888 	 9.291790442218077e-13 
16.956956956956958 	 9.363826817973171e-13 
17.027027027027028 	 9.441217998333232e-13 
17.097097097097098 	 9.523963983298256e-13 
17.167167167167168 	 9.612064772868245e-13 
17.237237237237238 	 9.705520367043198e-13 
17.30730730730731 	 9.804330765823115e-13 
17.37737737737738 	 9.908495969208e-13 
17.44744744744745 	 1.0018015977197847e-12 
17.51751751751752 	 1.013289078979266e-12 
17.58758758758759 	 1.0253120406992436e-12 
17.65765765765766 	 1.0378704828797178e-12 
17.72772772772773 	 1.0509644055206885e-12 
17.7977977977978 	 1.0645938086221557e-12 
17.86786786786787 	 1.0787586921841192e-12 
17.93793793793794 	 1.0934590562065792e-12 
18.00800800800801 	 1.1086949006895358e-12 
18.07807807807808 	 1.1244662256329889e-12 
18.14814814814815 	 1.1407730310369383e-12 
18.21821821821822 	 1.1576153169013842e-12 
18.28828828828829 	 1.1749930832263267e-12 
18.35835835835836 	 1.1929063300117657e-12 
18.42842842842843 	 1.211355057257701e-12 
18.4984984984985 	 1.2303392649641328e-12 
18.56856856856857 	 1.249858953131061e-12 
18.63863863863864 	 1.269914121758486e-12 
18.70870870870871 	 1.2905047708464072e-12 
18.77877877877878 	 1.311630900394825e-12 
18.84884884884885 	 1.333292510403739e-12 
18.91891891891892 	 1.3554896008731498e-12 
18.98898898898899 	 1.3782221718030568e-12 
19.05905905905906 	 1.4014902231934604e-12 
19.12912912912913 	 1.4252937550443607e-12 
19.1991991991992 	 1.4496327673557571e-12 
19.26926926926927 	 1.4745072601276502e-12 
19.33933933933934 	 1.4999172333600397e-12 
19.40940940940941 	 1.5258796278628304e-12 
19.47947947947948 	 1.5525656508808252e-12 
19.54954954954955 	 1.580019775536564e-12 
19.61961961961962 	 1.608242001830047e-12 
19.68968968968969 	 1.6372323297612742e-12 
19.75975975975976 	 1.6669907593302457e-12 
19.82982982982983 	 1.6975172905369614e-12 
19.8998998998999 	 1.7288119233814213e-12 
19.96996996996997 	 1.760874657863625e-12 
20.04004004004004 	 1.7937054939835734e-12 
20.11011011011011 	 1.8273044317412657e-12 
20.18018018018018 	 1.8616714711367024e-12 
20.25025025025025 	 1.896806612169883e-12 
20.32032032032032 	 1.9327098548408076e-12 
20.39039039039039 	 1.9693811991494767e-12 
20.46046046046046 	 2.0068206450958898e-12 
20.53053053053053 	 2.0450281926800473e-12 
20.6006006006006 	 2.084003841901949e-12 
20.67067067067067 	 2.1237475927615944e-12 
20.74074074074074 	 2.164259445258985e-12 
20.81081081081081 	 2.2055393993941184e-12 
20.88088088088088 	 2.247587455166997e-12 
20.95095095095095 	 2.2904036125776193e-12 
21.02102102102102 	 2.333987871625986e-12 
21.09109109109109 	 2.3783402323120967e-12 
21.16116116116116 	 2.4234606946359517e-12 
21.23123123123123 	 2.469349258597551e-12 
21.3013013013013 	 2.516005924196894e-12 
21.37137137137137 	 2.5634306914339814e-12 
21.44144144144144 	 2.6116235603088133e-12 
21.51151151151151 	 2.660584530821389e-12 
21.58158158158158 	 2.710313602971709e-12 
21.65165165165165 	 2.7608107767597733e-12 
21.72172172172172 	 2.8120760521855816e-12 
21.79179179179179 	 2.8641094292491344e-12 
21.86186186186186 	 2.916910907950431e-12 
21.93193193193193 	 2.970480488289472e-12 
22.002002002002 	 3.024818170266257e-12 
22.07207207207207 	 3.0799239538807864e-12 
22.14214214214214 	 3.1357978391330597e-12 
22.21221221221221 	 3.1921100555093454e-12 
22.28228228228228 	 3.248520846167604e-12 
22.35235235235235 	 3.3050301922782587e-12 
22.42242242242242 	 3.3616380938413083e-12 
22.492492492492495 	 3.4183445508567567e-12 
22.562562562562565 	 3.475149563324597e-12 
22.632632632632635 	 3.5320531312448326e-12 
22.702702702702705 	 3.5890552546174637e-12 
22.772772772772775 	 3.64615593344249e-12 
22.842842842842845 	 3.703355167719911e-12 
22.912912912912915 	 3.760652957449728e-12 
22.982982982982985 	 3.818049302631941e-12 
23.053053053053056 	 3.875544203266549e-12 
23.123123123123126 	 3.933137659353551e-12 
23.193193193193196 	 3.990829670892949e-12 
23.263263263263266 	 4.048620237884743e-12 
23.333333333333336 	 4.106509360328931e-12 
23.403403403403406 	 4.164497038225515e-12 
23.473473473473476 	 4.222583271574495e-12 
23.543543543543546 	 4.2807680603758695e-12 
23.613613613613616 	 4.339051404629639e-12 
23.683683683683686 	 4.397433304335805e-12 
23.753753753753756 	 4.455913759494365e-12 
23.823823823823826 	 4.5144927701053216e-12 
23.893893893893896 	 4.573170336168672e-12 
23.963963963963966 	 4.631946457684419e-12 
24.034034034034036 	 4.690821134652561e-12 
24.104104104104106 	 4.749794367073098e-12 
24.174174174174176 	 4.80886615494603e-12 
24.244244244244246 	 4.868036498271358e-12 
24.314314314314316 	 4.927305397049081e-12 
24.384384384384386 	 4.9866728512792e-12 
24.454454454454456 	 5.046138860961714e-12 
24.524524524524526 	 5.105703426096622e-12 
24.594594594594597 	 5.1653665466839265e-12 
24.664664664664667 	 5.225128222723626e-12 
24.734734734734737 	 5.284988454215721e-12 
24.804804804804807 	 5.344947241160211e-12 
24.874874874874877 	 5.405004583557097e-12 
24.944944944944947 	 5.465064948038751e-12 
25.015015015015017 	 5.52474030344947e-12 
25.085085085085087 	 5.583989363635326e-12 
25.155155155155157 	 5.642812128596316e-12 
25.225225225225227 	 5.7012085983324436e-12 
25.295295295295297 	 5.759178772843706e-12 
25.365365365365367 	 5.816722652130105e-12 
25.435435435435437 	 5.873840236191639e-12 
25.505505505505507 	 5.93053152502831e-12 
25.575575575575577 	 5.986796518640115e-12 
25.645645645645647 	 6.042635217027057e-12 
25.715715715715717 	 6.0980476201891354e-12 
25.785785785785787 	 6.153033728126348e-12 
25.855855855855857 	 6.2075935408386975e-12 
25.925925925925927 	 6.2617270583261825e-12 
25.995995995995997 	 6.315434280588803e-12 
26.066066066066067 	 6.36871520762656e-12 
26.136136136136138 	 6.4215698394394526e-12 
26.206206206206208 	 6.473998176027481e-12 
26.276276276276278 	 6.526000217390645e-12 
26.346346346346348 	 6.577575963528945e-12 
26.416416416416418 	 6.62872541444238e-12 
26.486486486486488 	 6.679448570130952e-12 
26.556556556556558 	 6.729745430594659e-12 
26.626626626626628 	 6.779615995833503e-12 
26.696696696696698 	 6.829060265847482e-12 
26.766766766766768 	 6.878078240636596e-12 
26.836836836836838 	 6.926669920200847e-12 
26.906906906906908 	 6.9748353045402335e-12 
26.976976976976978 	 7.022574393654756e-12 
27.047047047047048 	 7.0698871875444136e-12 
27.117117117117118 	 7.1167736862092076e-12 
27.187187187187188 	 7.163233889649138e-12 
27.25725725725726 	 7.209267797864203e-12 
27.32732732732733 	 7.254875410854405e-12 
27.3973973973974 	 7.300056728619742e-12 
27.46746746746747 	 7.344811751160214e-12 
27.53753753753754 	 7.389140478475823e-12 
27.60760760760761 	 7.433042910566568e-12 
27.67767767767768 	 7.476517909513161e-12 
27.74774774774775 	 7.519532329229067e-12 
27.81781781781782 	 7.562070858084874e-12 
27.88788788788789 	 7.604133496080582e-12 
27.95795795795796 	 7.64572024321619e-12 
28.02802802802803 	 7.686831099491702e-12 
28.0980980980981 	 7.727466064907111e-12 
28.16816816816817 	 7.767625139462424e-12 
28.23823823823824 	 7.807308323157636e-12 
28.30830830830831 	 7.84651561599275e-12 
28.37837837837838 	 7.885247017967764e-12 
28.44844844844845 	 7.92350252908268e-12 
28.51851851851852 	 7.961282149337497e-12 
28.58858858858859 	 7.998585878732213e-12 
28.65865865865866 	 8.035413717266832e-12 
28.72872872872873 	 8.071765664941351e-12 
28.7987987987988 	 8.107641721755772e-12 
28.86886886886887 	 8.143041887710093e-12 
28.93893893893894 	 8.177966162804315e-12 
29.00900900900901 	 8.212414547038438e-12 
29.07907907907908 	 8.246387040412462e-12 
29.14914914914915 	 8.279883642926388e-12 
29.21921921921922 	 8.312904354580213e-12 
29.28928928928929 	 8.34544917537394e-12 
29.35935935935936 	 8.377518105307567e-12 
29.42942942942943 	 8.409111144381095e-12 
29.4994994994995 	 8.440228292594525e-12 
29.56956956956957 	 8.470869549947856e-12 
29.63963963963964 	 8.501034916441086e-12 
29.70970970970971 	 8.53072439207422e-12 
29.77977977977978 	 8.559937976847252e-12 
29.84984984984985 	 8.588675670760187e-12 
29.91991991991992 	 8.616937473813022e-12 
29.98998998998999 	 8.644723386005758e-12 
30.06006006006006 	 8.672033407338396e-12 
30.13013013013013 	 8.698867537810933e-12 
30.2002002002002 	 8.725225777423372e-12 
30.27027027027027 	 8.751108126175712e-12 
30.34034034034034 	 8.776514584067952e-12 
30.41041041041041 	 8.801445151100094e-12 
30.48048048048048 	 8.825924458686015e-12 
30.55055055055055 	 8.849999134441465e-12 
30.62062062062062 	 8.873670285566388e-12 
30.69069069069069 	 8.896937912060786e-12 
30.76076076076076 	 8.919802013924657e-12 
30.83083083083083 	 8.942262591158002e-12 
30.9009009009009 	 8.964319643760822e-12 
30.97097097097097 	 8.985973171733115e-12 
31.04104104104104 	 9.007223175074883e-12 
31.11111111111111 	 9.028069653786124e-12 
31.18118118118118 	 9.04851260786684e-12 
31.25125125125125 	 9.068552037317027e-12 
31.32132132132132 	 9.08818794213669e-12 
31.391391391391394 	 9.10742032232583e-12 
31.461461461461464 	 9.126249177884439e-12 
31.531531531531535 	 9.144674508812524e-12 
31.601601601601605 	 9.162696315110084e-12 
31.671671671671675 	 9.180314596777117e-12 
31.741741741741745 	 9.197529353813622e-12 
31.811811811811815 	 9.214340586219604e-12 
31.881881881881885 	 9.230748293995059e-12 
31.951951951951955 	 9.246752477139986e-12 
32.02202202202202 	 9.26235313565439e-12 
32.092092092092095 	 9.277550269538267e-12 
32.16216216216216 	 9.292343878791616e-12 
32.232232232232235 	 9.306733963414441e-12 
32.3023023023023 	 9.320720523406738e-12 
32.372372372372375 	 9.334303558768511e-12 
32.44244244244244 	 9.347483069499757e-12 
32.512512512512515 	 9.360259055600478e-12 
32.58258258258258 	 9.372631517070671e-12 
32.652652652652655 	 9.38460045391034e-12 
32.72272272272272 	 9.396165866119481e-12 
32.792792792792795 	 9.407327753698098e-12 
32.86286286286286 	 9.418086116646188e-12 
32.932932932932935 	 9.428440954963752e-12 
33.003003003003 	 9.43839226865079e-12 
33.073073073073076 	 9.447940057707302e-12 
33.14314314314314 	 9.457084322133288e-12 
33.213213213213216 	 9.465820713818338e-12 
33.28328328328328 	 9.474115099565872e-12 
33.353353353353356 	 9.481960199279852e-12 
33.42342342342342 	 9.489356012960281e-12 
33.493493493493496 	 9.496302540607158e-12 
33.56356356356356 	 9.502799782220483e-12 
33.633633633633636 	 9.508847737800256e-12 
33.7037037037037 	 9.514446407346478e-12 
33.773773773773776 	 9.519595790859146e-12 
33.84384384384384 	 9.524295888338264e-12 
33.913913913913916 	 9.528546699783829e-12 
33.98398398398398 	 9.532348225195842e-12 
34.054054054054056 	 9.535700464574305e-12 
34.12412412412412 	 9.538603417919214e-12 
34.194194194194196 	 9.541057085230572e-12 
34.26426426426426 	 9.543061466508376e-12 
34.334334334334336 	 9.54461656175263e-12 
34.4044044044044 	 9.545722370963332e-12 
34.474474474474476 	 9.546378894140482e-12 
34.54454454454454 	 9.54658613128408e-12 
34.61461461461462 	 9.546344082394126e-12 
34.68468468468468 	 9.545652747470619e-12 
34.75475475475476 	 9.544512126513561e-12 
34.82482482482482 	 9.542922219522952e-12 
34.8948948948949 	 9.54088302649879e-12 
34.96496496496496 	 9.538394547441075e-12 
35.03503503503504 	 9.53545678234981e-12 
35.1051051051051 	 9.532069731224993e-12 
35.17517517517518 	 9.528233394066623e-12 
35.24524524524524 	 9.523947770874702e-12 
35.31531531531532 	 9.519212861649228e-12 
35.38538538538538 	 9.514028666390203e-12 
35.45545545545546 	 9.508395185097625e-12 
35.525525525525524 	 9.502312417771496e-12 
35.5955955955956 	 9.495780364411814e-12 
35.665665665665664 	 9.488799025018581e-12 
35.73573573573574 	 9.481368399591795e-12 
35.805805805805804 	 9.473488488131459e-12 
35.87587587587588 	 9.465159290637569e-12 
35.94594594594595 	 9.456380538010416e-12 
36.01601601601602 	 9.447018328335689e-12 
36.08608608608609 	 9.43696095926014e-12 
36.15615615615616 	 9.426208430783776e-12 
36.22622622622623 	 9.41476074290659e-12 
36.2962962962963 	 9.402617895628587e-12 
36.36636636636637 	 9.389779888949764e-12 
36.43643643643644 	 9.376246722870121e-12 
36.50650650650651 	 9.36201839738966e-12 
36.57657657657658 	 9.347094912508382e-12 
36.64664664664665 	 9.331476268226283e-12 
36.71671671671672 	 9.315162464543366e-12 
36.78678678678679 	 9.298153501459628e-12 
36.85685685685686 	 9.280449378975074e-12 
36.92692692692693 	 9.262050097089697e-12 
36.996996996997 	 9.242955655803506e-12 
37.06706706706707 	 9.223166055116492e-12 
37.13713713713714 	 9.202681295028662e-12 
37.20720720720721 	 9.18150137554001e-12 
37.27727727727728 	 9.159626296650543e-12 
37.34734734734735 	 9.137056058360253e-12 
37.41741741741742 	 9.113790660669147e-12 
37.48748748748749 	 9.08983010357722e-12 
37.55755755755756 	 9.065174387084477e-12 
37.62762762762763 	 9.039823511190912e-12 
37.6976976976977 	 9.01377747589653e-12 
37.76776776776777 	 8.987036281201327e-12 
37.83783783783784 	 8.959599927105307e-12 
37.90790790790791 	 8.931468413608466e-12 
37.97797797797798 	 8.90264174071081e-12 
38.04804804804805 	 8.87311990841233e-12 
38.11811811811812 	 8.842902916713035e-12 
38.18818818818819 	 8.811990765612918e-12 
38.25825825825826 	 8.780383455111985e-12 
38.32832832832833 	 8.74808098521023e-12 
38.3983983983984 	 8.71508335590766e-12 
38.46846846846847 	 8.681390567204267e-12 
38.53853853853854 	 8.647002619100058e-12 
38.60860860860861 	 8.611919511595028e-12 
38.67867867867868 	 8.576141244689182e-12 
38.74874874874875 	 8.599927900034882e-12 
38.81881881881882 	 8.654774652959359e-12 
38.88888888888889 	 8.709390727952842e-12 
38.95895895895896 	 8.763776125015318e-12 
39.02902902902903 	 8.817930844146797e-12 
39.0990990990991 	 8.87185488534727e-12 
39.16916916916917 	 8.925548248616751e-12 
39.23923923923924 	 8.979010933955223e-12 
39.30930930930931 	 9.032242941362702e-12 
39.37937937937938 	 9.085244270839176e-12 
39.44944944944945 	 9.13801492238465e-12 
39.51951951951952 	 9.190554895999121e-12 
39.58958958958959 	 9.242864191682593e-12 
39.65965965965966 	 9.294942809435064e-12 
39.72972972972973 	 9.346790749256535e-12 
39.7997997997998 	 9.398408011147005e-12 
39.86986986986987 	 9.449794595106475e-12 
39.93993993993994 	 9.500950501134942e-12 
40.010010010010014 	 9.551875729232412e-12 
40.08008008008008 	 9.602570279398875e-12 
40.150150150150154 	 9.653034151634345e-12 
40.22022022022022 	 9.703267345938808e-12 
40.290290290290294 	 9.753269862312272e-12 
40.36036036036036 	 9.803041700754737e-12 
40.430430430430434 	 9.852582861266203e-12 
40.5005005005005 	 9.901893343846663e-12 
40.570570570570574 	 9.950973148496129e-12 
40.64064064064064 	 9.999822275214587e-12 
40.710710710710714 	 1.0048440724002048e-11 
40.78078078078078 	 1.0096828494858504e-11 
40.850850850850854 	 1.0144985587783966e-11 
40.92092092092092 	 1.0192912002778422e-11 
40.990990990990994 	 1.0240607739841883e-11 
41.06106106106106 	 1.0288072798974336e-11 
41.131131131131134 	 1.0335307180175796e-11 
41.2012012012012 	 1.0382310883446248e-11 
41.271271271271274 	 1.0429083908785703e-11 
41.34134134134134 	 1.0475626256194154e-11 
41.411411411411414 	 1.052193792567161e-11 
41.48148148148148 	 1.0568018917218059e-11 
41.551551551551555 	 1.0613869230833515e-11 
41.62162162162162 	 1.0659488866517962e-11 
41.691691691691695 	 1.0704877824271415e-11 
41.76176176176176 	 1.0750036104093862e-11 
41.831831831831835 	 1.0794963705985314e-11 
41.9019019019019 	 1.083966062994576e-11 
41.971971971971975 	 1.0884126875975208e-11 
42.04204204204204 	 1.0928362444073651e-11 
42.112112112112115 	 1.09723673342411e-11 
42.18218218218218 	 1.1016141546477542e-11 
42.252252252252255 	 1.105968508078299e-11 
42.32232232232232 	 1.1102997937157429e-11 
42.392392392392395 	 1.1146080115600876e-11 
42.46246246246246 	 1.1188931616113316e-11 
42.532532532532535 	 1.123155243869476e-11 
42.6026026026026 	 1.1273942583345198e-11 
42.672672672672675 	 1.1316102050064638e-11 
42.74274274274274 	 1.1358030838853078e-11 
42.812812812812815 	 1.1399728949710515e-11 
42.88288288288288 	 1.1441196382636953e-11 
42.952952952952955 	 1.148243313763239e-11 
43.02302302302302 	 1.1523439214696824e-11 
43.093093093093096 	 1.1564214613830263e-11 
43.16316316316316 	 1.1604759335032695e-11 
43.233233233233236 	 1.164507337830413e-11 
43.3033033033033 	 1.1685156743644563e-11 
43.373373373373376 	 1.1725009431053994e-11 
43.44344344344344 	 1.1764631440532427e-11 
43.513513513513516 	 1.180402277207986e-11 
43.58358358358358 	 1.1843183425696289e-11 
43.653653653653656 	 1.1882113401381718e-11 
43.72372372372372 	 1.1920812699136145e-11 
43.793793793793796 	 1.1959281318959576e-11 
43.86386386386386 	 1.1997519260852e-11 
43.933933933933936 	 1.203552652481343e-11 
44.004004004004 	 1.2073303110843854e-11 
44.074074074074076 	 1.211084901894328e-11 
44.14414414414414 	 1.2148164249111702e-11 
44.214214214214216 	 1.218524880134913e-11 
44.28428428428428 	 1.222210267565555e-11 
44.354354354354356 	 1.2258725872030974e-11 
44.42442442442442 	 1.2295118390475393e-11 
44.4944944944945 	 1.2331280230988816e-11 
44.56456456456456 	 1.2367211393571234e-11 
44.63463463463464 	 1.2402911878222656e-11 
44.7047047047047 	 1.2438381684943071e-11 
44.77477477477478 	 1.247362081373249e-11 
44.84484484484484 	 1.2508629264590906e-11 
44.91491491491492 	 1.2543407037518324e-11 
44.98498498498499 	 1.2577954132514741e-11 
45.05505505505506 	 1.2612270549580154e-11 
45.12512512512513 	 1.2646356288714571e-11 
45.1951951951952 	 1.2680211349917982e-11 
45.26526526526527 	 1.2713835733190397e-11 
45.33533533533534 	 1.2747229438531808e-11 
45.40540540540541 	 1.278039246594222e-11 
45.47547547547548 	 1.2813324815421628e-11 
45.54554554554555 	 1.2846026486970041e-11 
45.61561561561562 	 1.2878497480587448e-11 
45.68568568568569 	 1.2910737796273857e-11 
45.75575575575576 	 1.2942747434029263e-11 
45.82582582582583 	 1.2974526393853672e-11 
45.8958958958959 	 1.3006074675747075e-11 
45.96596596596597 	 1.3037392279709482e-11 
46.03603603603604 	 1.3068479205740885e-11 
46.10610610610611 	 1.309933545384129e-11 
46.17617617617618 	 1.3129961024010692e-11 
46.24624624624625 	 1.3160355916249097e-11 
46.31631631631632 	 1.3190520130556494e-11 
46.38638638638639 	 1.3220453666932898e-11 
46.45645645645646 	 1.3250156525378296e-11 
46.52652652652653 	 1.3279628705892698e-11 
46.5965965965966 	 1.3308870208476096e-11 
46.66666666666667 	 1.3337881033128494e-11 
46.73673673673674 	 1.336666117984989e-11 
46.80680680680681 	 1.3395210648640288e-11 
46.87687687687688 	 1.3423529439499683e-11 
46.94694694694695 	 1.3451617552428078e-11 
47.01701701701702 	 1.3479474987425472e-11 
47.08708708708709 	 1.3507101744491867e-11 
47.15715715715716 	 1.3534497823627258e-11 
47.22722722722723 	 1.356166322483165e-11 
47.2972972972973 	 1.3588597948105042e-11 
47.36736736736737 	 1.3615301993447433e-11 
47.43743743743744 	 1.3641775360858823e-11 
47.50750750750751 	 1.3668018050339213e-11 
47.57757757757758 	 1.36940300618886e-11 
47.64764764764765 	 1.3719811395506989e-11 
47.71771771771772 	 1.3745362051194374e-11 
47.78778778778779 	 1.3770682028950762e-11 
47.85785785785786 	 1.3795771328776147e-11 
47.92792792792793 	 1.3820629950670532e-11 
47.997997997998 	 1.3845257894633915e-11 
48.06806806806807 	 1.38696551606663e-11 
48.13813813813814 	 1.3893821748767681e-11 
48.20820820820821 	 1.3917757658938065e-11 
48.27827827827828 	 1.3941462891177444e-11 
48.34834834834835 	 1.3964937445485825e-11 
48.41841841841842 	 1.3988181321863203e-11 
48.48848848848849 	 1.4011194520309585e-11 
48.55855855855856 	 1.403397704082496e-11 
48.62862862862863 	 1.405652888340934e-11 
48.6986986986987 	 1.4078850048062714e-11 
48.76876876876877 	 1.4100940534785092e-11 
48.83883883883884 	 1.4122800343576466e-11 
48.90890890890891 	 1.414442947443684e-11 
48.97897897897898 	 1.4165827927366212e-11 
49.04904904904905 	 1.4186995702364587e-11 
49.11911911911912 	 1.4207932799431959e-11 
49.18918918918919 	 1.4228639218568332e-11 
49.25925925925926 	 1.4249114959773702e-11 
49.32932932932933 	 1.4269360023048071e-11 
49.3993993993994 	 1.4289374408391441e-11 
49.46946946946947 	 1.4309158115803811e-11 
49.53953953953954 	 1.4328711145285177e-11 
49.60960960960961 	 1.4348033496835544e-11 
49.67967967967968 	 1.436712517045491e-11 
49.74974974974975 	 1.4385986166143277e-11 
49.81981981981982 	 1.4404616483900641e-11 
49.88988988988989 	 1.4423016123727005e-11 
49.95995995995996 	 1.444118508562237e-11 
50.030030030030034 	 1.4459123369586733e-11 
50.1001001001001 	 1.4476830975620093e-11 
50.170170170170174 	 1.4494307903722455e-11 
50.24024024024024 	 1.4511554153893816e-11 
50.310310310310314 	 1.4528569726134176e-11 
50.38038038038038 	 1.4545354620443534e-11 
50.450450450450454 	 1.4561908836821893e-11 
50.52052052052052 	 1.4578232375269252e-11 
50.590590590590594 	 1.4594325235785608e-11 
50.66066066066066 	 1.4610187418370964e-11 
50.730730730730734 	 1.462581892302532e-11 
50.8008008008008 	 1.4641219749748675e-11 
50.870870870870874 	 1.465638989854103e-11 
50.94094094094094 	 1.467132936940238e-11 
51.011011011011014 	 1.4686038162332732e-11 
51.08108108108108 	 1.4700516277332084e-11 
51.151151151151154 	 1.4714763714400436e-11 
51.22122122122122 	 1.4728780473537785e-11 
51.291291291291294 	 1.4742566554744135e-11 
51.36136136136136 	 1.4756121958019485e-11 
51.431431431431434 	 1.4769446683363832e-11 
51.5015015015015 	 1.478254073077718e-11 
51.571571571571575 	 1.4795404100259524e-11 
51.64164164164164 	 1.480803679181087e-11 
51.711711711711715 	 1.4820438805431218e-11 
51.78178178178178 	 1.483261014112056e-11 
51.851851851851855 	 1.4844550798878906e-11 
51.92192192192192 	 1.4856260778706246e-11 
51.991991991991995 	 1.486774008060259e-11 
52.06206206206206 	 1.487898870456793e-11 
52.132132132132135 	 1.4890006650602273e-11 
52.2022022022022 	 1.490079391870561e-11 
52.272272272272275 	 1.4911350508877953e-11 
52.34234234234234 	 1.4921676421119288e-11 
52.412412412412415 	 1.4931771655429627e-11 
52.48248248248248 	 1.4941636211808963e-11 
52.552552552552555 	 1.4951270090257302e-11 
52.62262262262262 	 1.4960673290774636e-11 
52.692692692692695 	 1.4969845813360973e-11 
52.76276276276276 	 1.4978787658016304e-11 
52.832832832832835 	 1.4987498824740638e-11 
52.9029029029029 	 1.499597931353397e-11 
52.972972972972975 	 1.5004229124396304e-11 
53.04304304304304 	 1.5012248257327633e-11 
53.113113113113116 	 1.5020036712327966e-11 
53.18318318318318 	 1.5027594489397295e-11 
53.253253253253256 	 1.5034921588535622e-11 
53.32332332332332 	 1.5042018009742952e-11 
53.393393393393396 	 1.504888375301928e-11 
53.46346346346346 	 1.5055518818364607e-11 
53.533533533533536 	 1.5061923205778932e-11 
53.6036036036036 	 1.5068096915262257e-11 
53.673673673673676 	 1.5074039946814583e-11 
53.74374374374374 	 1.5079752300435905e-11 
53.813813813813816 	 1.5085233976126228e-11 
53.88388388388389 	 1.509048497388555e-11 
53.953953953953956 	 1.509550529371387e-11 
54.02402402402403 	 1.5100294935611195e-11 
54.094094094094096 	 1.5104853899577513e-11 
54.16416416416417 	 1.5109182185612834e-11 
54.234234234234236 	 1.5113279793717153e-11 
54.30430430430431 	 1.5117146723890468e-11 
54.374374374374376 	 1.5120782976132787e-11 
54.44444444444445 	 1.5124188550444103e-11 
54.51451451451452 	 1.512736344682442e-11 
54.58458458458459 	 1.5130307665273734e-11 
54.65465465465466 	 1.5133021205792047e-11 
54.72472472472473 	 1.5135504068379362e-11 
54.7947947947948 	 1.5137756253035676e-11 
54.86486486486487 	 1.5139777759760988e-11 
54.93493493493494 	 1.5141568588555297e-11 
55.00500500500501 	 1.514312873941861e-11 
55.07507507507508 	 1.514445821235092e-11 
55.14514514514515 	 1.5145557007352228e-11 
55.21521521521522 	 1.5146425124422535e-11 
55.28528528528529 	 1.5147062563561846e-11 
55.35535535535536 	 1.514746932477015e-11 
55.42542542542543 	 1.5147645408047458e-11 
55.4954954954955 	 1.5147590813393763e-11 
55.56556556556557 	 1.5147305540809068e-11 
55.63563563563564 	 1.514678959029337e-11 
55.70570570570571 	 1.5146042961846673e-11 
55.77577577577578 	 1.5145065655468976e-11 
55.84584584584585 	 1.514385767116028e-11 
55.91591591591592 	 1.514241900892058e-11 
55.98598598598599 	 1.514074966874988e-11 
56.05605605605606 	 1.513884965064818e-11 
56.12612612612613 	 1.513671895461548e-11 
56.1961961961962 	 1.5134357580651776e-11 
56.26626626626627 	 1.5131765528757075e-11 
56.33633633633634 	 1.512894279893137e-11 
56.40640640640641 	 1.5125889391174667e-11 
56.47647647647648 	 1.5122605305486964e-11 
56.54654654654655 	 1.5119090541868257e-11 
56.61661661661662 	 1.5115345100318548e-11 
56.68668668668669 	 1.5111368980837843e-11 
56.75675675675676 	 1.5107162183426134e-11 
56.82682682682683 	 1.5102724708083426e-11 
56.8968968968969 	 1.509805655480972e-11 
56.96696696696697 	 1.5093157723605008e-11 
57.03703703703704 	 1.5088028214469297e-11 
57.10710710710711 	 1.5082668027402584e-11 
57.17717717717718 	 1.5077077162404874e-11 
57.24724724724725 	 1.507125561947616e-11 
57.31731731731732 	 1.5065203398616446e-11 
57.38738738738739 	 1.505892049982573e-11 
57.45745745745746 	 1.5052406923104016e-11 
57.52752752752753 	 1.5045662668451302e-11 
57.5975975975976 	 1.5038687735867584e-11 
57.66766766766767 	 1.5031482125352867e-11 
57.73773773773774 	 1.502404583690715e-11 
57.80780780780781 	 1.501637887053043e-11 
57.87787787787788 	 1.5008481226222712e-11 
57.94794794794795 	 1.500035290398399e-11 
58.01801801801802 	 1.499199390381427e-11 
58.08808808808809 	 1.498340422571355e-11 
58.15815815815816 	 1.4974583869681825e-11 
58.22822822822823 	 1.4965532835719104e-11 
58.2982982982983 	 1.495625112382538e-11 
58.36836836836837 	 1.4946738734000653e-11 
58.43843843843844 	 1.493699566624493e-11 
58.50850850850851 	 1.49270219205582e-11 
58.57857857857858 	 1.4916817496940475e-11 
58.64864864864865 	 1.4906382395391747e-11 
58.71871871871872 	 1.489571661591202e-11 
58.78878878878879 	 1.488482015850129e-11 
58.85885885885886 	 1.4873693023159563e-11 
58.92892892892893 	 1.486233520988683e-11 
58.998998998999 	 1.48507467186831e-11 
59.06906906906907 	 1.4838927549548366e-11 
59.13913913913914 	 1.4826877702482637e-11 
59.20920920920921 	 1.48145971774859e-11 
59.27927927927928 	 1.480208597455817e-11 
59.34934934934935 	 1.478934409369943e-11 
59.41941941941942 	 1.4776371534909696e-11 
59.48948948948949 	 1.476316829818896e-11 
59.55955955955956 	 1.4749734383537225e-11 
59.62962962962963 	 1.4736069790954484e-11 
59.6996996996997 	 1.4722174520440748e-11 
59.76976976976977 	 1.470804857199601e-11 
59.83983983983984 	 1.469369194562027e-11 
59.90990990990991 	 1.4679104641313527e-11 
59.97997997997998 	 1.4664286659075786e-11 
60.050050050050054 	 1.464923799890704e-11 
60.12012012012012 	 1.46339586608073e-11 
60.190190190190194 	 1.4618448644776556e-11 
60.26026026026026 	 1.4602707950814813e-11 
60.330330330330334 	 1.4586736578922066e-11 
60.4004004004004 	 1.457053452909832e-11 
60.470470470470474 	 1.4554101801343574e-11 
60.54054054054054 	 1.4537438395657827e-11 
60.610610610610614 	 1.4520544312041079e-11 
60.68068068068068 	 1.450341955049333e-11 
60.750750750750754 	 1.448606411101458e-11 
60.82082082082082 	 1.446847799360483e-11 
60.890890890890894 	 1.4450661198264079e-11 
60.96096096096096 	 1.4432613724992327e-11 
61.031031031031034 	 1.4414335573789574e-11 
61.1011011011011 	 1.4395826744655822e-11 
61.171171171171174 	 1.4377087237591066e-11 
61.24124124124124 	 1.4358117052595313e-11 
61.311311311311314 	 1.4338916189668556e-11 
61.38138138138138 	 1.4319484648810802e-11 
61.451451451451454 	 1.4299822430022043e-11 
61.52152152152152 	 1.4279929533302288e-11 
61.591591591591595 	 1.4259805958651528e-11 
61.66166166166166 	 1.423945170606977e-11 
61.731731731731735 	 1.4218866775557009e-11 
61.8018018018018 	 1.4198051167113248e-11 
61.871871871871875 	 1.4177004880738487e-11 
61.94194194194194 	 1.4155727916432725e-11 
62.012012012012015 	 1.4134220274195962e-11 
62.08208208208208 	 1.41124819540282e-11 
62.152152152152155 	 1.4090512955929435e-11 
62.22222222222222 	 1.406831327989967e-11 
62.292292292292295 	 1.4045882925938903e-11 
62.36236236236236 	 1.4023221894047139e-11 
62.432432432432435 	 1.400033018422437e-11 
62.5025025025025 	 1.3977207796470603e-11 
62.572572572572575 	 1.3953854730785833e-11 
62.64264264264264 	 1.3930270987170066e-11 
62.712712712712715 	 1.3906456565623293e-11 
62.78278278278279 	 1.3882411466145521e-11 
62.852852852852855 	 1.3858135688736751e-11 
62.92292292292293 	 1.3833629233396978e-11 
62.992992992992995 	 1.3808892100126205e-11 
63.06306306306307 	 1.378392428892443e-11 
63.133133133133136 	 1.3758725799791658e-11 
63.20320320320321 	 1.3733296632727881e-11 
63.273273273273276 	 1.3707636787733107e-11 
63.34334334334335 	 1.3681746264807328e-11 
63.413413413413416 	 1.3655625063950552e-11 
63.48348348348349 	 1.3629273185162772e-11 
63.553553553553556 	 1.3602690628443994e-11 
63.62362362362363 	 1.3575877393794213e-11 
63.693693693693696 	 1.3548833481213434e-11 
63.76376376376377 	 1.3521558890701652e-11 
63.833833833833836 	 1.3494053622258872e-11 
63.90390390390391 	 1.3466317675885087e-11 
63.973973973973976 	 1.3438351051580305e-11 
64.04404404404404 	 1.3410153749344523e-11 
64.11411411411412 	 1.3381725769177736e-11 
64.18418418418419 	 1.335306711107995e-11 
64.25425425425426 	 1.3324177775051162e-11 
64.32432432432432 	 1.329505776109138e-11 
64.3943943943944 	 1.326570706920059e-11 
64.46446446446447 	 1.32361256993788e-11 
64.53453453453454 	 1.320631365162601e-11 
64.6046046046046 	 1.3176270925942223e-11 
64.67467467467468 	 1.3145997522327431e-11 
64.74474474474475 	 1.311549344078164e-11 
64.81481481481482 	 1.3084758681304845e-11 
64.88488488488488 	 1.3053793243897057e-11 
64.95495495495496 	 1.3022597128558261e-11 
65.02502502502503 	 1.2991170335288466e-11 
65.0950950950951 	 1.2959512864087669e-11 
65.16516516516516 	 1.2927624714955878e-11 
65.23523523523524 	 1.289550588789308e-11 
65.30530530530531 	 1.2863156382899281e-11 
65.37537537537538 	 1.2830576199974481e-11 
65.44544544544544 	 1.2797765339118687e-11 
65.51551551551552 	 1.2764723800331886e-11 
65.58558558558559 	 1.2731451583614084e-11 
65.65565565565566 	 1.2697948688965282e-11 
65.72572572572572 	 1.2664215116385485e-11 
65.7957957957958 	 1.263025086587468e-11 
65.86586586586587 	 1.2596055937432876e-11 
65.93593593593594 	 1.256163033106007e-11 
66.006006006006 	 1.2526974046756272e-11 
66.07607607607608 	 1.2492087084521463e-11 
66.14614614614615 	 1.2456969444355656e-11 
66.21621621621622 	 1.2421621126258848e-11 
66.28628628628628 	 1.2386042130231046e-11 
66.35635635635636 	 1.2372599428122612e-11 
66.42642642642643 	 1.2365881242541882e-11 
66.4964964964965 	 1.2359080312438997e-11 
66.56656656656656 	 1.235219663781396e-11 
66.63663663663664 	 1.2345230218666768e-11 
66.70670670670671 	 1.233818105499742e-11 
66.77677677677679 	 1.2331049146805916e-11 
66.84684684684684 	 1.2323834494092261e-11 
66.91691691691692 	 1.2316537096856449e-11 
66.98698698698699 	 1.2309156955098485e-11 
67.05705705705707 	 1.2301694068818365e-11 
67.12712712712712 	 1.2294148438016091e-11 
67.1971971971972 	 1.2286520062691661e-11 
67.26726726726727 	 1.2278808942845078e-11 
67.33733733733735 	 1.227101507847634e-11 
67.4074074074074 	 1.2263138469585448e-11 
67.47747747747748 	 1.2255179116172403e-11 
67.54754754754755 	 1.2247137018237201e-11 
67.61761761761763 	 1.2239012175779846e-11 
67.68768768768768 	 1.2230804588800337e-11 
67.75775775775776 	 1.2222514257298672e-11 
67.82782782782783 	 1.2214141181274853e-11 
67.8978978978979 	 1.220568536072888e-11 
67.96796796796797 	 1.2197146795660752e-11 
68.03803803803804 	 1.2188525486070471e-11 
68.10810810810811 	 1.2179821431958035e-11 
68.17817817817819 	 1.2171034633323442e-11 
68.24824824824825 	 1.2162165090166699e-11 
68.31831831831832 	 1.2153212802487799e-11 
68.38838838838839 	 1.2144177770286744e-11 
68.45845845845847 	 1.2135059993563536e-11 
68.52852852852853 	 1.2125859472318175e-11 
68.5985985985986 	 1.2116576206550657e-11 
68.66866866866867 	 1.2107210196260983e-11 
68.73873873873875 	 1.2097761441449157e-11 
68.8088088088088 	 1.2088229942115178e-11 
68.87887887887888 	 1.2078615698259043e-11 
68.94894894894895 	 1.2068918709880753e-11 
69.01901901901903 	 1.2059138976980309e-11 
69.08908908908909 	 1.2049276499557711e-11 
69.15915915915916 	 1.2039331277612957e-11 
69.22922922922923 	 1.202930331114605e-11 
69.2992992992993 	 1.2019192600156987e-11 
69.36936936936937 	 1.2008999144645773e-11 
69.43943943943944 	 1.1998722944612403e-11 
69.50950950950951 	 1.1988364000056876e-11 
69.57957957957959 	 1.1977922310979197e-11 
69.64964964964965 	 1.1967397877379364e-11 
69.71971971971972 	 1.1956790699257376e-11 
69.7897897897898 	 1.1946100776613232e-11 
69.85985985985987 	 1.1935328109446935e-11 
69.92992992992993 	 1.1924472697758484e-11 
70.0 	 1.1913534541547877e-11 
