0.0 	 1.0 
7.007007007007008e-05 	 1.0294051746921558 
0.00014014014014014016 	 1.0583841351219159 
0.00021021021021021025 	 1.0869431845973367 
0.0002802802802802803 	 1.1150883591165317 
0.0003503503503503504 	 1.1428256579731426 
0.0004204204204204205 	 1.1701609930768924 
0.0004904904904904906 	 1.19710018917378 
0.0005605605605605606 	 1.2236489860435833 
0.0006306306306306307 	 1.2498130370336074 
0.0007007007007007008 	 1.275597921203219 
0.0007707707707707708 	 1.3010091336200758 
0.000840840840840841 	 1.326052089119851 
0.0009109109109109111 	 1.350732124913623 
0.0009809809809809811 	 1.375054501370221 
0.001051051051051051 	 1.3990244052486858 
0.0011211211211211213 	 1.4226469435644133 
0.0011911911911911914 	 1.445927147828851 
0.0012612612612612614 	 1.468869975489602 
0.0013313313313313316 	 1.4914803113866204 
0.0014014014014014015 	 1.5137629742053538 
0.0014714714714714717 	 1.535722713780457 
0.0015415415415415416 	 1.5573642108777996 
0.0016116116116116118 	 1.578692080323464 
0.001681681681681682 	 1.5997108724695095 
0.001751751751751752 	 1.6204250728397613 
0.0018218218218218221 	 1.6408390876761014 
0.001891891891891892 	 1.660957259969102 
0.0019619619619619623 	 1.6807838835664919 
0.0020320320320320324 	 1.6996125757793161 
0.002102102102102102 	 1.7173305688341043 
0.0021721721721721723 	 1.734791794555512 
0.0022422422422422425 	 1.751999973944767 
0.0023123123123123127 	 1.7689587741483406 
0.002382382382382383 	 1.7856718091544896 
0.0024524524524524526 	 1.8021426405651708 
0.0025225225225225228 	 1.8183747783659672 
0.002592592592592593 	 1.8343716816823856 
0.002662662662662663 	 1.850136759505896 
0.002732732732732733 	 1.865673371428919 
0.002802802802802803 	 1.8809848283203565 
0.002872872872872873 	 1.896074392863742 
0.0029429429429429434 	 1.9109452805964036 
0.0030130130130130136 	 1.925600660538849 
0.0030830830830830833 	 1.940043655868547 
0.0031531531531531535 	 1.9542773446108108 
0.0032232232232232236 	 1.9683047603184893 
0.003293293293293294 	 1.9821288927404679 
0.003363363363363364 	 1.9957526881077259 
0.0034334334334334337 	 2.0091790490211805 
0.003503503503503504 	 2.0224108366749913 
0.003573573573573574 	 2.0354508708359766 
0.0036436436436436443 	 2.0483019303637424 
0.003713713713713714 	 2.060966753777843 
0.003783783783783784 	 2.0734480398119373 
0.0038538538538538543 	 2.0857484479549426 
0.0039239239239239245 	 2.097870599557087 
0.003993993993993994 	 2.1098170786246335 
0.004064064064064065 	 2.121590431033022 
0.004134134134134135 	 2.133193165679751 
0.004204204204204204 	 2.144627755003699 
0.004274274274274275 	 2.155896635481745 
0.004344344344344345 	 2.167002208114146 
0.004414414414414415 	 2.1779468389001497 
0.004484484484484485 	 2.188732860554676 
0.004554554554554555 	 2.1993625724059145 
0.004624624624624625 	 2.209838239699733 
0.004694694694694695 	 2.2201620948311174 
0.004764764764764766 	 2.230336337809376 
0.0048348348348348355 	 2.2403631367146946 
0.004904904904904905 	 2.250244628146049 
0.004974974974974976 	 2.2599829176768744 
0.0050450450450450456 	 2.2695800808467235 
0.005115115115115116 	 2.279038163060913 
0.005185185185185186 	 2.288359179876959 
0.005255255255255256 	 2.2975451176179313 
0.005325325325325326 	 2.306597933785899 
0.005395395395395396 	 2.3155195574676735 
0.005465465465465466 	 2.3243118897328614 
0.005535535535535536 	 2.332976804076844 
0.005605605605605606 	 2.341516147355349 
0.005675675675675677 	 2.349931739461977 
0.005745745745745746 	 2.3582253737900887 
0.005815815815815816 	 2.3663988177226236 
0.005885885885885887 	 2.3744538130005495 
0.0059559559559559565 	 2.382392076084506 
0.006026026026026027 	 2.3902152985096516 
0.006096096096096097 	 2.397925147306152 
0.006166166166166167 	 2.4055232658296073 
0.006236236236236237 	 2.4130112732886433 
0.006306306306306307 	 2.4203907654090435 
0.0063763763763763776 	 2.427663314770065 
0.006446446446446447 	 2.434830471133085 
0.006516516516516517 	 2.441893761763782 
0.006586586586586588 	 2.4488546917479295 
0.006656656656656657 	 2.455714744474565 
0.006726726726726728 	 2.4624753822051786 
0.006796796796796798 	 2.4691380456949554 
0.0068668668668668675 	 2.475704154782563 
0.006936936936936938 	 2.482175108708312 
0.007007007007007008 	 2.4885522864062635 
0.0070770770770770776 	 2.4948370467915844 
0.007147147147147148 	 2.5010307290432663 
0.007217217217217218 	 2.507134652882341 
0.0072872872872872885 	 2.5131501188457155 
0.007357357357357358 	 2.519078408708016 
0.007427427427427428 	 2.5249207861766823 
0.007497497497497499 	 2.530678496302842 
0.007567567567567568 	 2.536352766059279 
0.007637637637637639 	 2.5419448046554094 
0.007707707707707709 	 2.5474558038026034 
0.007777777777777778 	 2.55288693797718 
0.007847847847847849 	 2.558239364681243 
0.007917917917917919 	 2.5635142247015232 
0.007987987987987989 	 2.568712642366396 
0.008058058058058058 	 2.5738357256529447 
0.00812812812812813 	 2.578884565728144 
0.0081981981981982 	 2.5838602383892773 
0.00826826826826827 	 2.588763803956681 
0.008338338338338339 	 2.593596307398835 
0.008408408408408409 	 2.5983587785607805 
0.00847847847847848 	 2.6030522323902354 
0.00854854854854855 	 2.607677669161518 
0.00861861861861862 	 2.6122360746973867 
0.00868868868868869 	 2.6167284205889056 
0.008758758758758759 	 2.6211556643423606 
0.00882882882882883 	 2.6255187490156744 
0.0088988988988989 	 2.629818604268758 
0.00896896896896897 	 2.6340561464049768 
0.00903903903903904 	 2.638232278453451 
0.00910910910910911 	 2.6423478903636584 
0.009179179179179181 	 2.6464038591976107 
0.00924924924924925 	 2.65040104931966 
0.00931931931931932 	 2.654340312584006 
0.00938938938938939 	 2.6582224885199714 
0.00945945945945946 	 2.6620484045104047 
0.009529529529529531 	 2.665818875857548 
0.009599599599599601 	 2.6695347059051016 
0.009669669669669671 	 2.6731966862793834 
0.00973973973973974 	 2.676805597444902 
0.00980980980980981 	 2.6803622087485133 
0.009879879879879882 	 2.6838672782110975 
0.009949949949949952 	 2.6873215526270444 
0.010020020020020021 	 2.6911702373405317 
0.010090090090090091 	 2.696067119435478 
0.01016016016016016 	 2.7008930362656365 
0.010230230230230232 	 2.7056490149693904 
0.010300300300300302 	 2.710336070689172 
0.010370370370370372 	 2.714955203136467 
0.010440440440440442 	 2.719507396484603 
0.010510510510510511 	 2.723993622456881 
0.010580580580580581 	 2.728414836665006 
0.010650650650650653 	 2.7327719789642493 
0.010720720720720722 	 2.7370659744855668 
0.010790790790790792 	 2.741297741411738 
0.010860860860860862 	 2.745468182964222 
0.010930930930930931 	 2.7495781870648295 
0.011001001001001003 	 2.753628628057972 
0.011071071071071073 	 2.7576203705483575 
0.011141141141141142 	 2.761554266085443 
0.011211211211211212 	 2.7654311522723494 
0.011281281281281282 	 2.769251852416047 
0.011351351351351353 	 2.773017185689583 
0.011421421421421423 	 2.7767279522898436 
0.011491491491491493 	 2.780384942925031 
0.011561561561561563 	 2.7839889357636083 
0.011631631631631632 	 2.787540698278189 
0.011701701701701704 	 2.7910409891668997 
0.011771771771771774 	 2.794490555065059 
0.011841841841841843 	 2.797890130073137 
0.011911911911911913 	 2.8012404385286804 
0.011981981981981983 	 2.804542127720285 
0.012052052052052054 	 2.806643484894391 
0.012122122122122124 	 2.8083184988744385 
0.012192192192192194 	 2.8099692387273025 
0.012262262262262263 	 2.811596056222598 
0.012332332332332333 	 2.8131992980383242 
0.012402402402402405 	 2.8147793058384223 
0.012472472472472474 	 2.8163364163279274 
0.012542542542542544 	 2.8178709613308657 
0.012612612612612614 	 2.8193832678653528 
0.012682682682682684 	 2.8208736582072036 
0.012752752752752755 	 2.822342449964871 
0.012822822822822825 	 2.8237899561413573 
0.012892892892892895 	 2.8252164852067474 
0.012962962962962964 	 2.8266223411575906 
0.013033033033033034 	 2.828007823572865 
0.013103103103103106 	 2.829373227622359 
0.013173173173173175 	 2.8307188442486324 
0.013243243243243245 	 2.832044960192889 
0.013313313313313315 	 2.8333518580510724 
0.013383383383383384 	 2.8346398163372113 
0.013453453453453456 	 2.835909109545737 
0.013523523523523526 	 2.8371600082127784 
0.013593593593593595 	 2.83839277897643 
0.013663663663663665 	 2.8396076846359897 
0.013733733733733735 	 2.84080498421018 
0.013803803803803805 	 2.841984932994332 
0.013873873873873876 	 2.8431477823575317 
0.013943943943943946 	 2.844293779900209 
0.014014014014014016 	 2.8454231698550427 
0.014084084084084085 	 2.8465361929119006 
0.014154154154154155 	 2.8476330862662915 
0.014224224224224227 	 2.8487140836668154 
0.014294294294294296 	 2.849779415461451 
0.014364364364364366 	 2.8508293086426826 
0.014434434434434436 	 2.8518639868914697 
0.014504504504504506 	 2.852883670620053 
0.014574574574574577 	 2.853888577013602 
0.014644644644644647 	 2.8548789201184683 
0.014714714714714716 	 2.8558549113527794 
0.014784784784784786 	 2.8568167588388858 
0.014854854854854856 	 2.8577646675606876 
0.014924924924924927 	 2.8586988395173796 
0.014994994994994997 	 2.859619473762717 
0.015065065065065067 	 2.86052676644329 
0.015135135135135137 	 2.86142091083582 
0.015205205205205206 	 2.862302097383468 
0.015275275275275278 	 2.8631705137311574 
0.015345345345345348 	 2.8640263447599144 
0.015415415415415417 	 2.8648697726202212 
0.015485485485485487 	 2.8657009770859605 
0.015555555555555557 	 2.8665201358471037 
0.01562562562562563 	 2.8673274235029043 
0.015695695695695698 	 2.868123012097392 
0.015765765765765768 	 2.868907071176234 
0.015835835835835838 	 2.8696797678211614 
0.015905905905905907 	 2.8704412666836823 
0.015975975975975977 	 2.87119173001807 
0.016046046046046047 	 2.871931317713631 
0.016116116116116116 	 2.8726601873262516 
0.01618618618618619 	 2.8733784941092244 
0.01625625625625626 	 2.8740863910503918 
0.01632632632632633 	 2.874784029180907 
0.0163963963963964 	 2.8754715572969816 
0.01646646646646647 	 2.8761491219210282 
0.01653653653653654 	 2.876816867447093 
0.016606606606606608 	 2.8774749361701266 
0.016676676676676678 	 2.878123468314645 
0.016746746746746748 	 2.87876260206277 
0.016816816816816817 	 2.8793924735816647 
0.01688688688688689 	 2.880013217050348 
0.01695695695695696 	 2.880624964685897 
0.01702702702702703 	 2.8812278467690393 
0.0170970970970971 	 2.8818219917412042 
0.01716716716716717 	 2.882407526452449 
0.01723723723723724 	 2.8829845757181154 
0.01730730730730731 	 2.8835532625122298 
0.01737737737737738 	 2.8841137080227814 
0.01744744744744745 	 2.884666031676403 
0.017517517517517518 	 2.885210351162546 
0.01758758758758759 	 2.8857467824571463 
0.01765765765765766 	 2.886275439845783 
0.01772772772772773 	 2.8867964359463243 
0.0177977977977978 	 2.887309881731074 
0.01786786786786787 	 2.887815886548401 
0.01793793793793794 	 2.8883145583034704 
0.01800800800800801 	 2.888806003398441 
0.01807807807807808 	 2.8892903265671173 
0.01814814814814815 	 2.8897676310231866 
0.01821821821821822 	 2.8902380184813388 
0.01828828828828829 	 2.8907015891779517 
0.018358358358358362 	 2.89115844189135 
0.018428428428428432 	 2.8916086739616342 
0.0184984984984985 	 2.8920523813100787 
0.01856856856856857 	 2.892489658458104 
0.01863863863863864 	 2.8929205985458135 
0.01870870870870871 	 2.893345293378021 
0.01877877877877878 	 2.89376383367362 
0.01884884884884885 	 2.894176308696609 
0.01891891891891892 	 2.8945828063579233 
0.01898898898898899 	 2.8949834132889385 
0.019059059059059063 	 2.8953782148585274 
0.019129129129129133 	 2.895767295189718 
0.019199199199199202 	 2.896150737175957 
0.019269269269269272 	 2.896528622496976 
0.019339339339339342 	 2.896901031634261 
0.01940940940940941 	 2.8972680438861294 
0.01947947947947948 	 2.897629737382405 
0.01954954954954955 	 2.897986189098703 
0.01961961961961962 	 2.898337474870314 
0.01968968968968969 	 2.898683669405695 
0.019759759759759764 	 2.89902484633066 
0.019829829829829834 	 2.8993610784927264 
0.019899899899899903 	 2.899692437792881 
0.019969969969969973 	 2.9000189952627187 
0.020040040040040043 	 2.9012285043015114 
0.020110110110110112 	 2.9030812436530264 
0.020180180180180182 	 2.9049071332955556 
0.020250250250250252 	 2.9067065623682136 
0.02032032032032032 	 2.9084799143469033 
0.02039039039039039 	 2.9102275671060505 
0.020460460460460465 	 2.9119498930161143 
0.020530530530530534 	 2.9136472590731333 
0.020600600600600604 	 2.915320027016172 
0.020670670670670674 	 2.916968553334544 
0.020740740740740744 	 2.9185931893926265 
0.020810810810810813 	 2.9201942814768773 
0.020880880880880883 	 2.9217721706830346 
0.020950950950950953 	 2.923327193251308 
0.021021021021021023 	 2.924859680587034 
0.021091091091091092 	 2.9263699593177583 
0.021161161161161162 	 2.9278583512529126 
0.021231231231231235 	 2.929325173543508 
0.021301301301301305 	 2.930770738784334 
0.021371371371371375 	 2.9321953550579978 
0.021441441441441444 	 2.93359932595771 
0.021511511511511514 	 2.9349829506343132 
0.021581581581581584 	 2.9363465239484836 
0.021651651651651654 	 2.937690336502979 
0.021721721721721723 	 2.9390146746885777 
0.021791791791791793 	 2.940319820694538 
0.021861861861861863 	 2.9416060526388788 
0.021931931931931936 	 2.9428736446379116 
0.022002002002002006 	 2.9440781416845834 
0.022072072072072076 	 2.9437614666306757 
0.022142142142142145 	 2.9434493807996054 
0.022212212212212215 	 2.943141817677244 
0.022282282282282285 	 2.9428387117329184 
0.022352352352352355 	 2.942539998369195 
0.022422422422422424 	 2.9422456139290927 
0.022492492492492494 	 2.9419554956751774 
0.022562562562562564 	 2.9416695816669765 
0.022632632632632637 	 2.9413878109030147 
0.022702702702702707 	 2.941110123335294 
0.022772772772772776 	 2.940836459802129 
0.022842842842842846 	 2.9405667620141673 
0.022912912912912916 	 2.940300972540418 
0.022982982982982986 	 2.94003903479427 
0.023053053053053055 	 2.939780893019516 
0.023123123123123125 	 2.9395264922763773 
0.023193193193193195 	 2.939275778427525 
0.023263263263263265 	 2.9390286981241034 
0.023333333333333338 	 2.938785198791754 
0.023403403403403408 	 2.9385452285943705 
0.023473473473473477 	 2.938308736363556 
0.023543543543543547 	 2.9380756717198384 
0.023613613613613617 	 2.937845985005565 
0.023683683683683687 	 2.93761962726293 
0.023753753753753756 	 2.9373965502197765 
0.023823823823823826 	 2.9371767062754 
0.023893893893893896 	 2.9369600484863447 
0.023963963963963966 	 2.9367465305522105 
0.024034034034034035 	 2.936536106801449 
0.02410410410410411 	 2.936328732177167 
0.024174174174174178 	 2.936124362222929 
0.024244244244244248 	 2.935922953070255 
0.024314314314314318 	 2.93572446231375 
0.024384384384384387 	 2.9355288482868684 
0.024454454454454457 	 2.935336069315524 
0.024524524524524527 	 2.935146084317383 
0.024594594594594597 	 2.934958852790646 
0.024664664664664666 	 2.934774334802831 
0.024734734734734736 	 2.9345924909795515 
0.02480480480480481 	 2.934413282493301 
0.02487487487487488 	 2.9342366710522314 
0.02494494494494495 	 2.934062618888938 
0.02501501501501502 	 2.933891088749236 
0.02508508508508509 	 2.9337220438809473 
0.025155155155155158 	 2.933555448147642 
0.025225225225225228 	 2.9333912667040223 
0.025295295295295298 	 2.9332294647156085 
0.025365365365365367 	 2.9330700077129706 
0.025435435435435437 	 2.9329128617173974 
0.02550550550550551 	 2.9327579932317787 
0.02557557557557558 	 2.932605369231487 
0.02564564564564565 	 2.9324549571552567 
0.02571571571571572 	 2.9323067248960712 
0.02578578578578579 	 2.932160640792039 
0.02585585585585586 	 2.9320166736172792 
0.02592592592592593 	 2.931874792572802 
0.025995995995996 	 2.9317349672773902 
0.026066066066066068 	 2.9315971680850303 
0.026136136136136138 	 2.9314613660237567 
0.02620620620620621 	 2.9313275321656875 
0.02627627627627628 	 2.931195637991568 
0.02634634634634635 	 2.9310656553860843 
0.02641641641641642 	 2.9309375566302065 
0.02648648648648649 	 2.9308113143935297 
0.02655655655655656 	 2.9306869017266144 
0.02662662662662663 	 2.930564292053327 
0.0266966966966967 	 2.930443459163183 
0.02676676676676677 	 2.9303243772036867 
0.02683683683683684 	 2.9302070206726727 
0.026906906906906912 	 2.93009136495084 
0.02697697697697698 	 2.92997738457747 
0.02704704704704705 	 2.929865056183146 
0.02711711711711712 	 2.9297543558134334 
0.02718718718718719 	 2.929645259860254 
0.02725725725725726 	 2.9295377450545335 
0.02732732732732733 	 2.9294317884589574 
0.0273973973973974 	 2.9293273674608296 
0.02746746746746747 	 2.929224459765045 
0.02753753753753754 	 2.929123043387167 
0.02760760760760761 	 2.929023096646609 
0.027677677677677683 	 2.92892459815993 
0.027747747747747752 	 2.928827526834235 
0.027817817817817822 	 2.928731862053969 
0.027887887887887892 	 2.9286375838133414 
0.02795795795795796 	 2.928544672041885 
0.02802802802802803 	 2.928453106938965 
0.0280980980980981 	 2.9283628689849057 
0.02816816816816817 	 2.9282739389363726 
0.02823823823823824 	 2.9281862978218984 
0.02830830830830831 	 2.928099926937552 
0.028378378378378383 	 2.9280148078427493 
0.028448448448448453 	 2.9279309223562096 
0.028518518518518523 	 2.927848252552052 
0.028588588588588593 	 2.9277667807560404 
0.028658658658658662 	 2.9276864895419634 
0.028728728728728732 	 2.9276073617281675 
0.028798798798798802 	 2.9275293803742244 
0.02886886886886887 	 2.9274525287777484 
0.02893893893893894 	 2.9273767904713517 
0.02900900900900901 	 2.92730214926534 
0.029079079079079084 	 2.927228589416703 
0.029149149149149154 	 2.927156095447273 
0.029219219219219224 	 2.927084652220134 
0.029289289289289294 	 2.927014244928162 
0.029359359359359363 	 2.926944858449677 
0.029429429429429433 	 2.92687647782742 
0.029499499499499503 	 2.9268090882524125 
0.029569569569569572 	 2.926742674898329 
0.029639639639639642 	 2.9266772235525362 
0.029709709709709712 	 2.9266127205272134 
0.029779779779779785 	 2.926549152162129 
0.029849849849849855 	 2.9264865051371434 
0.029919919919919925 	 2.926424766313752 
0.029989989989989994 	 2.926363922160743 
0.030060060060060064 	 2.9276325946910244 
0.030130130130130134 	 2.929102688656136 
0.030200200200200204 	 2.930551478179243 
0.030270270270270273 	 2.931979272014657 
0.030340340340340343 	 2.933386374412581 
0.030410410410410413 	 2.934773085198063 
0.030480480480480483 	 2.936139699882407 
0.030550550550550556 	 2.9374865097054363 
0.030620620620620626 	 2.9388138017027874 
0.030690690690690695 	 2.940121858749784 
0.030760760760760765 	 2.941410959556691 
0.030830830830830835 	 2.9426813788393225 
0.030900900900900904 	 2.9439333873485474 
0.030970970970970974 	 2.9451672518834435 
0.031041041041041044 	 2.9463832353719406 
0.031111111111111114 	 2.947581596951183 
0.031181181181181183 	 2.948762592006494 
0.03125125125125126 	 2.949926472196416 
0.03132132132132132 	 2.951073485547976 
0.031391391391391396 	 2.9522038765023715 
0.03146146146146146 	 2.9533178859547555 
0.031531531531531536 	 2.9544157512872715 
0.03160160160160161 	 2.955497706465225 
0.031671671671671675 	 2.9565639820692797 
0.03174174174174175 	 2.9576148053228946 
0.031811811811811815 	 2.958650400155359 
0.03188188188188189 	 2.9596709872475815 
0.031951951951951954 	 2.960676784094239 
0.03202202202202203 	 2.9611788469610905 
0.032092092092092094 	 2.9606143502282034 
0.03216216216216217 	 2.960058034119086 
0.03223223223223223 	 2.959509780076959 
0.032302302302302306 	 2.958969471283228 
0.03237237237237238 	 2.958436992568755 
0.032442442442442446 	 2.9579122304870187 
0.03251251251251252 	 2.957395073209999 
0.032582582582582585 	 2.9568854105074696 
0.03265265265265266 	 2.9563831338071673 
0.032722722722722725 	 2.955888136031358 
0.0327927927927928 	 2.9554003117347776 
0.032862862862862864 	 2.9549195569157214 
0.03293293293293294 	 2.9544457691452344 
0.033003003003003004 	 2.9539788473794872 
0.03307307307307308 	 2.953518691766193 
0.03314314314314315 	 2.9530652042243317 
0.033213213213213216 	 2.952618288162296 
0.03328328328328329 	 2.9521778484309267 
0.033353353353353356 	 2.9517437912988407 
0.03342342342342343 	 2.9513160244277548 
0.033493493493493495 	 2.9508944568478137 
0.03356356356356357 	 2.9504789989329154 
0.033633633633633635 	 2.9500695623760365 
0.03370370370370371 	 2.949666060136995 
0.03377377377377378 	 2.9492684060420182 
0.03384384384384385 	 2.94887651528612 
0.03391391391391392 	 2.948490304359908 
0.03398398398398399 	 2.9481096909175015 
0.03405405405405406 	 2.947734593750054 
0.034124124124124126 	 2.9473649327592817 
0.0341941941941942 	 2.9470006289309874 
0.034264264264264266 	 2.946641604308587 
0.03433433433433434 	 2.9462877819666353 
0.034404404404404405 	 2.9459390859843526 
0.03447447447447448 	 2.9455954424609936 
0.03454454454454455 	 2.9452567791821553 
0.03461461461461462 	 2.944923023989776 
0.03468468468468469 	 2.9445941057515874 
0.03475475475475476 	 2.9442699543444952 
0.03482482482482483 	 2.943950500635501 
0.0348948948948949 	 2.9436356764626215 
0.03496496496496497 	 2.9433254146158063 
0.035035035035035036 	 2.9430196488178613 
0.03510510510510511 	 2.9427183137053667 
0.03517517517517518 	 2.9424213449748797 
0.03524524524524525 	 2.942128679919672 
0.03531531531531532 	 2.9418402562682204 
0.03538538538538539 	 2.941556012564507 
0.03545545545545546 	 2.9412758882312025 
0.03552552552552553 	 2.940999823553909 
0.0355955955955956 	 2.940727759665409 
0.03566566566566567 	 2.9404596385299087 
0.03573573573573574 	 2.9401954029272814 
0.03580580580580581 	 2.939934996437317 
0.03587587587587588 	 2.939678363436305 
0.035945945945945953 	 2.9394254495052157 
0.03601601601601602 	 2.9391762009278466 
0.03608608608608609 	 2.938930564591358 
0.03615615615615616 	 2.938688488141232 
0.03622622622622623 	 2.938449919967612 
0.0362962962962963 	 2.9382148091916434 
0.03636636636636637 	 2.9379831056518078 
0.03643643643643644 	 2.9377547598902654 
0.03650650650650651 	 2.9375297231391904 
0.03657657657657658 	 2.9373079473071106 
0.03664664664664665 	 2.937089385395116 
0.036716716716716724 	 2.9368739906369816 
0.03678678678678679 	 2.936661717504259 
0.036856856856856864 	 2.936452520742908 
0.03692692692692693 	 2.9362463557508853 
0.036996996996997 	 2.9360431785651486 
0.03706706706706707 	 2.9358429458488637 
0.03713713713713714 	 2.9356456148788093 
0.03720720720720721 	 2.935451143532983 
0.03727727727727728 	 2.935259490278408 
0.037347347347347355 	 2.9350706142339384 
0.03741741741741742 	 2.9348844756122294 
0.037487487487487495 	 2.93470103486498 
0.03755755755755756 	 2.9345202529101804 
0.037627627627627634 	 2.934342091221177 
0.0376976976976977 	 2.934166511817186 
0.037767767767767774 	 2.9339934772540457 
0.03783783783783784 	 2.9338229506152143 
0.03790790790790791 	 2.9336548955030035 
0.03797797797797798 	 2.9334892760300564 
0.03804804804804805 	 2.9333260568110635 
0.038118118118118126 	 2.9331652029547226 
0.03818818818818819 	 2.933006680055936 
0.038258258258258265 	 2.9328504541882507 
0.03832832832832833 	 2.9326964918965404 
0.038398398398398405 	 2.9325447601899235 
0.03846846846846847 	 2.932395226534928 
0.038538538538538544 	 2.9322478588923118 
0.03860860860860861 	 2.9321026262592853 
0.038678678678678684 	 2.931959497811274 
0.03874874874874876 	 2.931818443015742 
0.03881881881881882 	 2.9316794317939667 
0.038888888888888896 	 2.9315424345173198 
0.03895895895895896 	 2.9314074220038404 
0.039029029029029036 	 2.9312743655150943 
0.0390990990990991 	 2.931143236753315 
0.039169169169169175 	 2.9310140078588334 
0.03923923923923924 	 2.9308866514077967 
0.039309309309309315 	 2.930761140410166 
0.03937937937937938 	 2.930637448308006 
0.039449449449449454 	 2.9305155489740597 
0.03951951951951953 	 2.930395416710605 
0.039589589589589594 	 2.9302770262486044 
0.03965965965965967 	 2.930160352747135 
0.03972972972972973 	 2.9300453717772568 
0.03979979979979981 	 2.929932058194906 
0.03986986986986987 	 2.9298203867350736 
0.039939939939939946 	 2.929710333602823 
0.04001001001001001 	 2.9298243855737978 
0.040080080080080085 	 2.931262716315798 
0.04015015015015015 	 2.9326802029061225 
0.040220220220220225 	 2.9340771474858025 
0.0402902902902903 	 2.9354538476710634 
0.040360360360360364 	 2.9368105968460516 
0.04043043043043044 	 2.938147684147305 
0.040500500500500504 	 2.9394653945140887 
0.04057057057057058 	 2.9407640087618154 
0.04064064064064064 	 2.9420438038817633 
0.04071071071071072 	 2.9433050530034532 
0.04078078078078078 	 2.9445480248967146 
0.040850850850850856 	 2.9457729843529235 
0.04092092092092093 	 2.946980192250797 
0.040990990990990996 	 2.948169905620432 
0.04106106106106107 	 2.9493423777073384 
0.041131131131131135 	 2.9504978580364756 
0.04120120120120121 	 2.9516365924762855 
0.041271271271271275 	 2.9527588233186175 
0.04134134134134135 	 2.9538647898939363 
0.041411411411411414 	 2.9549547280194055 
0.04148148148148149 	 2.9560288699477644 
0.041551551551551553 	 2.957087444650345 
0.04162162162162163 	 2.9581306778843834 
0.0416916916916917 	 2.9591587922603235 
0.041761761761761766 	 2.9601720073091267 
0.04183183183183184 	 2.9611705395495793 
0.041901901901901906 	 2.9621546025555983 
0.04197197197197198 	 2.9631244067160436 
0.042042042042042045 	 2.9631484588999775 
0.04211211211211212 	 2.9625554187639542 
0.042182182182182185 	 2.9619709729783925 
0.04225225225225226 	 2.96139499689197 
0.042322322322322324 	 2.9608273677213433 
0.0423923923923924 	 2.960267964440655 
0.04246246246246247 	 2.959716667939387 
0.04253253253253254 	 2.959173360919538 
0.04260260260260261 	 2.958637927434282 
0.042672672672672676 	 2.9581102533879537 
0.04274274274274275 	 2.957590226383284 
0.042812812812812816 	 2.957077735519358 
0.04288288288288289 	 2.956572671621014 
0.042952952952952955 	 2.9560749271009117 
0.04302302302302303 	 2.9555843957912433 
0.0430930930930931 	 2.955100973227836 
0.04316316316316317 	 2.9546245561636537 
0.04323323323323324 	 2.954155042692806 
0.04330330330330331 	 2.953692332779137 
0.04337337337337338 	 2.9532363278902976 
0.04344344344344345 	 2.952786930970737 
0.04351351351351352 	 2.9523440464157638 
0.043583583583583586 	 2.951907580045601 
0.04365365365365366 	 2.9514774390794503 
0.043723723723723726 	 2.9510535321095457 
0.0437937937937938 	 2.950635769075216 
0.04386386386386387 	 2.9502240612296866 
0.04393393393393394 	 2.949818320685204 
0.04400400400400401 	 2.949418460834552 
0.04407407407407408 	 2.9490243964809846 
0.04414414414414415 	 2.9486360436091408 
0.04421421421421422 	 2.9482533193571365 
0.04428428428428429 	 2.9478761419886634 
0.04435435435435436 	 2.947504430865083 
0.04442442442442443 	 2.9471381064175226 
0.0444944944944945 	 2.946777090118972 
0.04456456456456457 	 2.9464213044563783 
0.04463463463463464 	 2.946070673081115 
0.04470470470470471 	 2.945725122736604 
0.04477477477477478 	 2.9453845803122656 
0.04484484484484485 	 2.9450489732423986 
0.04491491491491492 	 2.944718229992243 
0.04498498498498499 	 2.944392280038517 
0.04505505505505506 	 2.9440710538499464 
0.04512512512512513 	 2.9437544828678015 
0.0451951951951952 	 2.9434424994864283 
0.045265265265265274 	 2.943135037033783 
0.04533533533533534 	 2.942832029751966 
0.045405405405405413 	 2.9425334129673804 
0.04547547547547548 	 2.9422391237387457 
0.04554554554554555 	 2.9419490994723754 
0.04561561561561562 	 2.9416632783745302 
0.04568568568568569 	 2.941381599534391 
0.04575575575575576 	 2.941104002908116 
0.04582582582582583 	 2.9408304293029013 
0.0458958958958959 	 2.9405608203610365 
0.04596596596596597 	 2.9402951185439634 
0.046036036036036045 	 2.9400332671163354 
0.04610610610610611 	 2.939775210130076 
0.046176176176176184 	 2.9395208926320198 
0.04624624624624625 	 2.939270260838255 
0.046316316316316324 	 2.9390232613632787 
0.04638638638638639 	 2.9387798415671975 
0.04645645645645646 	 2.938539949558966 
0.04652652652652653 	 2.938303534182621 
0.0465965965965966 	 2.9380705450035163 
0.046666666666666676 	 2.9378409322945576 
0.04673673673673674 	 2.9376146470224405 
0.046806806806806815 	 2.9373916408338827 
0.04687687687687688 	 2.937171866041863 
0.046946946946946955 	 2.9369552762370077 
0.04701701701701702 	 2.9367418249694257 
0.047087087087087094 	 2.9365314671844227 
0.04715715715715716 	 2.936324158033552 
0.047227227227227234 	 2.936119853314319 
0.0472972972972973 	 2.9359185094571254 
0.04736736736736737 	 2.935720083512424 
0.047437437437437446 	 2.9355245331380697 
0.04750750750750751 	 2.9353318165868805 
0.047577577577577586 	 2.9351418926944 
0.04764764764764765 	 2.934954720880551 
0.047717717717717725 	 2.9347702616561775 
0.04778778778778779 	 2.934588475965575 
0.047857857857857865 	 2.9344093250809284 
0.04792792792792793 	 2.934232770824945 
0.047997997997998004 	 2.9340587755614624 
0.04806806806806807 	 2.933887302186308 
0.048138138138138144 	 2.9337183141184027 
0.04820820820820822 	 2.933551775291114 
0.04827827827827828 	 2.9333876501438576 
0.048348348348348356 	 2.9332259036139483 
0.04841841841841842 	 2.933066501128695 
0.048488488488488496 	 2.9329094085977485 
0.04855855855855856 	 2.932754592405693 
0.048628628628628635 	 2.9326020194048903 
0.0486986986986987 	 2.932451656908569 
0.048768768768768775 	 2.9323034726841595 
0.04883883883883885 	 2.9321574349476482 
0.048908908908908914 	 2.9320135126474436 
0.04897897897897899 	 2.9318716754732748 
0.049049049049049054 	 2.9317318936582972 
0.04911911911911913 	 2.9315941381493738 
0.04918918918918919 	 2.931458380164027 
0.049259259259259267 	 2.931324590267617 
0.04932932932932933 	 2.931192739692791 
0.049399399399399406 	 2.931062799741825 
0.04946946946946947 	 2.930934741874044 
0.049539539539539545 	 2.9308085392957137 
0.04960960960960962 	 2.930684165327625 
0.049679679679679685 	 2.930561593706811 
0.04974974974974976 	 2.9304407988248857 
0.049819819819819824 	 2.9303217548102864 
0.0498898898898899 	 2.9302044358971253 
0.049959959959959964 	 2.9300888171712205 
0.05003003003003004 	 2.930641273354946 
0.0501001001001001 	 2.9320677658348795 
0.05017017017017018 	 2.933473585743331 
0.05024024024024025 	 2.9348590327097095 
0.050310310310310316 	 2.9362244018817325 
0.05038038038038039 	 2.9375699842606964 
0.050450450450450456 	 2.938896066599642 
0.05052052052052053 	 2.9402029314841513 
0.050590590590590595 	 2.941490857437522 
0.05066066066066067 	 2.9427601193511843 
0.050730730730730735 	 2.944010987918475 
0.05080080080080081 	 2.94524372966802 
0.050870870870870874 	 2.946458607187036 
0.05094094094094095 	 2.9476558791850973 
0.05101101101101102 	 2.9488358005578923 
0.05108108108108109 	 2.9499986224509884 
0.05115115115115116 	 2.951144592323592 
0.051221221221221226 	 2.9522739540123117 
0.0512912912912913 	 2.9533869479025046 
0.051361361361361366 	 2.954483811488235 
0.05143143143143144 	 2.955564778530811 
0.051501501501501505 	 2.956630079395677 
0.05157157157157158 	 2.9576799411995833 
0.051641641641641645 	 2.9587145878775654 
0.05171171171171172 	 2.9597342402499196 
0.05178178178178179 	 2.960739116089183 
0.05185185185185186 	 2.961729430187109 
0.05192192192192193 	 2.9627053944216484 
0.051991991991992 	 2.9636671368553626 
0.05206206206206207 	 2.963242278365383 
0.052132132132132136 	 2.9626478786058783 
0.05220220220220221 	 2.962062092806652 
0.052272272272272276 	 2.9614847961529267 
0.05234234234234235 	 2.960915865631492 
0.05241241241241242 	 2.9603551799946977 
0.05248248248248249 	 2.959802619757117 
0.05255255255255256 	 2.9592580671642064 
0.05262262262262263 	 2.958721406050029 
0.0526926926926927 	 2.958192521826577 
0.05276276276276277 	 2.9576713017772494 
0.05283283283283284 	 2.9571576348561783 
0.05290290290290291 	 2.9566514116591156 
0.05297297297297298 	 2.9561525243968862 
0.053043043043043046 	 2.9556608668688393 
0.05311311311311312 	 2.9551763344363016 
0.05318318318318319 	 2.954698823996027 
0.05325325325325326 	 2.9542282339536516 
0.05332332332332333 	 2.9537644641971434 
0.0533933933933934 	 2.953307416011365 
0.05346346346346347 	 2.9528569918621024 
0.05353353353353354 	 2.952413095773833 
0.05360360360360361 	 2.951975633157795 
0.05367367367367368 	 2.951544510757056 
0.05374374374374375 	 2.9511196366190493 
0.053813813813813824 	 2.950700920068121 
0.05388388388388389 	 2.9502882716780707 
0.05395395395395396 	 2.949881603244691 
0.05402402402402403 	 2.9494808277583138 
0.0540940940940941 	 2.9490858593763476 
0.05416416416416417 	 2.948696613487683 
0.05423423423423424 	 2.9483130082804547 
0.05430430430430431 	 2.947934962543793 
0.05437437437437438 	 2.947562395724296 
0.05444444444444445 	 2.9471952284139675 
0.05451451451451452 	 2.946833382328774 
0.054584584584584595 	 2.9464767802871945 
0.05465465465465466 	 2.9461253461887806 
0.054724724724724734 	 2.9457790049927084 
0.0547947947947948 	 2.945437682696334 
0.05486486486486487 	 2.9451013063137497 
0.05493493493493494 	 2.9447698038543355 
0.05500500500500501 	 2.944443105044861 
0.05507507507507508 	 2.9441211409112027 
0.05514514514514515 	 2.9438038428610187 
0.05521521521521522 	 2.943491143282849 
0.05528528528528529 	 2.9431829755284773 
0.055355355355355365 	 2.9428792738952603 
0.05542542542542543 	 2.942579973608452 
0.055495495495495505 	 2.9422850108035297 
0.05556556556556557 	 2.9419943225085237 
0.055635635635635644 	 2.94170784662634 
0.05570570570570571 	 2.941425521917088 
0.055775775775775784 	 2.9411472882233323 
0.05584584584584585 	 2.940873086831978 
0.05591591591591592 	 2.9406028593640214 
0.055985985985985996 	 2.940336548234077 
0.05605605605605606 	 2.9400740966760286 
0.056126126126126136 	 2.939815448727923 
0.0561961961961962 	 2.9395605492168637 
0.056266266266266275 	 2.939309343743906 
0.05633633633633634 	 2.9390617786689517 
0.056406406406406415 	 2.9388178010956416 
0.05647647647647648 	 2.9385773588562514 
0.056546546546546554 	 2.9383404010682104 
0.05661661661661662 	 2.9381068765377174 
0.056686686686686694 	 2.9378767364613827 
0.05675675675675677 	 2.937649931771397 
0.05682682682682683 	 2.9374264141084643 
0.056896896896896906 	 2.9372061358073203 
0.05696696696696697 	 2.936989049882464 
0.057037037037037046 	 2.936775110014103 
0.05710710710710711 	 2.936564270534318 
0.057177177177177185 	 2.9363564864134344 
0.05724724724724725 	 2.9361517132466175 
0.057317317317317325 	 2.935949907246155 
0.05738738738738739 	 2.9357510258106423 
0.057457457457457464 	 2.935555026908494 
0.05752752752752754 	 2.9353618687804004 
0.057597597597597604 	 2.935171510261103 
0.05766766766766768 	 2.9349839107694087 
0.05773773773773774 	 2.9347990302984734 
0.057807807807807816 	 2.934616829406368 
0.05787787787787788 	 2.934437269206911 
0.057947947947947956 	 2.9342603113607804 
0.05801801801801802 	 2.9340859180668963 
0.058088088088088095 	 2.9339140520540807 
0.05815815815815817 	 2.9337446765729904 
0.058228228228228235 	 2.933577755388323 
0.05829829829829831 	 2.9334132527712997 
0.058368368368368374 	 2.9332511334924196 
0.05843843843843845 	 2.933091362814491 
0.058508508508508514 	 2.9329339065810816 
0.05857857857857859 	 2.932778731611255 
0.05864864864864865 	 2.9326258048690335 
0.058718718718718727 	 2.932475093736042 
0.05878878878878879 	 2.9323265660805364 
0.058858858858858866 	 2.9321801902536726 
0.05892892892892894 	 2.9320359350860996 
0.058998998998999005 	 2.9318937698848635 
0.05906906906906908 	 2.9317536644306355 
0.059139139139139145 	 2.9316155889752555 
0.05920920920920922 	 2.9314795142395957 
0.059279279279279284 	 2.9313454114117405 
0.05934934934934936 	 2.9312132521454863 
0.059419419419419424 	 2.9310830085591593 
0.0594894894894895 	 2.9309546532347515 
0.05955955955955957 	 2.9308281592173757 
0.05962962962962964 	 2.9307035000150368 
0.05969969969969971 	 2.930580649165667 
0.059769769769769776 	 2.9304595799013184 
0.05983983983983985 	 2.9303402657219126 
0.059909909909909916 	 2.9302226799976268 
0.05997997997997999 	 2.930106796733202 
0.060050050050050055 	 2.931100911128409 
0.06012012012012013 	 2.9325207426055577 
0.060190190190190195 	 2.933919998036955 
0.06026026026026027 	 2.9352989756061216 
0.06033033033033034 	 2.9366579691618955 
0.06040040040040041 	 2.937997268310744 
0.06047047047047048 	 2.939317158470769 
0.06054054054054055 	 2.940617920926629 
0.06061061061061062 	 2.941899832861911 
0.060680680680680686 	 2.94316316746179 
0.06075075075075076 	 2.944408193948216 
0.060820820820820826 	 2.94563517763568 
0.0608908908908909 	 2.9468443800026494 
0.060960960960960965 	 2.948036058731513 
0.06103103103103104 	 2.9492104677724904 
0.06110110110110111 	 2.950367857399739 
0.06117117117117118 	 2.951508474252978 
0.06124124124124125 	 2.952632561402911 
0.06131131131131132 	 2.953740358398737 
0.06138138138138139 	 2.954832101312654 
0.06145145145145146 	 2.955908022799877 
0.06152152152152153 	 2.9569683521444006 
0.061591591591591596 	 2.958013315306289 
0.06166166166166167 	 2.9590431349684683 
0.06173173173173174 	 2.960058030586561 
0.06180180180180181 	 2.961058218441527 
0.06187187187187188 	 2.9620439116760378 
0.06194194194194195 	 2.963015320343632 
0.06201201201201202 	 2.9637055754070474 
0.06208208208208209 	 2.9631044615868696 
0.06215215215215216 	 2.96251205907487 
0.06222222222222223 	 2.961928241574662 
0.0622922922922923 	 2.961352884642757 
0.06236236236236237 	 2.9607858657371153 
0.06243243243243244 	 2.9602270640361272 
0.06250250250250251 	 2.959676360433216 
0.06257257257257258 	 2.9591336375706954 
0.06264264264264265 	 2.958598779797684 
0.06271271271271273 	 2.9580716731193735 
0.06278278278278279 	 2.957552205219949 
0.06285285285285286 	 2.9570402651603964 
0.06292292292292292 	 2.9565357436232977 
0.062992992992993 	 2.956038533102602 
0.06306306306306307 	 2.9555485276935842 
0.06313313313313314 	 2.9550656230664987 
0.06320320320320322 	 2.9545897164402315 
0.06327327327327328 	 2.9541207065559574 
0.06334334334334335 	 2.9536584936507895 
0.06341341341341342 	 2.953202979431436 
0.0634834834834835 	 2.952754067047854 
0.06355355355355356 	 2.952311661063692 
0.06362362362362363 	 2.9518756671040385 
0.0636936936936937 	 2.9514459921385425 
0.06376376376376378 	 2.9510225446218863 
0.06383383383383384 	 2.950605234292734 
0.06390390390390391 	 2.950193972145904 
0.06397397397397399 	 2.949788670404537 
0.06404404404404405 	 2.9493892424922654 
0.06411411411411412 	 2.948995603005382 
0.06418418418418419 	 2.9486076676850104 
0.06425425425425427 	 2.948225353389272 
0.06432432432432433 	 2.9478485780953316 
0.0643943943943944 	 2.9474772624917573 
0.06446446446446447 	 2.9471113282227313 
0.06453453453453455 	 2.9467506973161313 
0.06460460460460461 	 2.9463952929089805 
0.06467467467467468 	 2.9460450392266777 
0.06474474474474476 	 2.9456998615622307 
0.06481481481481483 	 2.945359686255488 
0.06488488488488489 	 2.9450244406723676 
0.06495495495495496 	 2.944694053184093 
0.06502502502502504 	 2.9443684531464203 
0.0650950950950951 	 2.944047570904746 
0.06516516516516517 	 2.9437313386480066 
0.06523523523523524 	 2.9434196893630755 
0.06530530530530532 	 2.9431125566519407 
0.06537537537537538 	 2.9428098750661444 
0.06544544544544545 	 2.942511580089709 
0.06551551551551553 	 2.9422176081220637 
0.0655855855855856 	 2.941927896460972 
0.06565565565565566 	 2.9416423832854575 
0.06572572572572573 	 2.9413610076387298 
0.06579579579579581 	 2.9410837094111124 
0.06586586586586587 	 2.940810429348032 
0.06593593593593594 	 2.940541109609898 
0.06600600600600601 	 2.9402756930226093 
0.06607607607607609 	 2.9400141230297554 
0.06614614614614615 	 2.939756343881318 
0.06621621621621622 	 2.9395023006189867 
0.0662862862862863 	 2.939251939061474 
0.06635635635635637 	 2.9390052057898353 
0.06642642642642643 	 2.938762048132782 
0.0664964964964965 	 2.9385224141519988 
0.06656656656656658 	 2.9382862526274613 
0.06663663663663665 	 2.93805351351029 
0.06670670670670671 	 2.9378241465483046 
0.06677677677677679 	 2.937598103756412 
0.06684684684684686 	 2.93737533694225 
0.06691691691691692 	 2.937155798609936 
0.06698698698698699 	 2.9369394419459773 
0.06705705705705707 	 2.93672622080539 
0.06712712712712714 	 2.93651608969804 
0.0671971971971972 	 2.936309003775184 
0.06726726726726727 	 2.936104918816237 
0.06733733733733735 	 2.9359037912157406 
0.06740740740740742 	 2.9357055780207912 
0.06747747747747748 	 2.935510237515128 
0.06754754754754756 	 2.93531772826702 
0.06761761761761763 	 2.9351280092618817 
0.0676876876876877 	 2.9349410400677445 
0.06775775775775776 	 2.934756780825338 
0.06782782782782784 	 2.9345751922384293 
0.06789789789789791 	 2.934396235564428 
0.06796796796796797 	 2.93421987260525 
0.06803803803803804 	 2.9340460656984435 
0.06810810810810812 	 2.9338747777085787 
0.06817817817817819 	 2.9337059720188994 
0.06824824824824825 	 2.933539612523233 
0.06831831831831833 	 2.9333756636181674 
0.0683883883883884 	 2.9332140901954844 
0.06845845845845847 	 2.9330548576348616 
0.06852852852852853 	 2.93289793179683 
0.06859859859859861 	 2.932743279034443 
0.06866866866866868 	 2.9325908667397855 
0.06873873873873874 	 2.9324406626178643 
0.06880880880880881 	 2.9322926346241203 
0.06887887887887889 	 2.9321467511909214 
0.06894894894894896 	 2.9320029812238046 
0.06901901901901902 	 2.9318612940980207 
0.0690890890890891 	 2.931721659655394 
0.06915915915915917 	 2.9315840482014823 
0.06922922922922924 	 2.9314484305030537 
0.0692992992992993 	 2.9313147777858632 
0.06936936936936938 	 2.931183061732743 
0.06943943943943945 	 2.931053254481999 
0.06950950950950952 	 2.930925328626115 
0.06957957957957958 	 2.9307992572107673 
0.06964964964964966 	 2.9306750137341426 
0.06971971971971973 	 2.9305525721465693 
0.0697897897897898 	 2.9304319068474487 
0.06985985985985987 	 2.930312991620552 
0.06992992992992994 	 2.9301957997131303 
0.07 	 2.9300803071951136 
