0.0 	 1.39412 
7e-05 	 1.3884930993908564 
0.00014 	 1.3831162299713031 
0.00020999999999999998 	 1.3779863352911539 
0.00028 	 1.3731003701383249 
0.00034999999999999994 	 1.3684553000676687 
0.00041999999999999996 	 1.3640481009714278 
0.00049 	 1.3598757586910342 
0.00056 	 1.3559352686699113 
0.0006299999999999999 	 1.3522236356468604 
0.0006999999999999999 	 1.3487378733895328 
0.00077 	 1.345475004467427 
0.0008399999999999999 	 1.3424320600637716 
0.0009099999999999999 	 1.3396060798255864 
0.00098 	 1.336994111751153 
0.00105 	 1.3345932121140531 
0.00112 	 1.332400445422878 
0.0011899999999999999 	 1.3304128844156484 
0.0012599999999999998 	 1.328627610087932 
0.0013299999999999998 	 1.3270417117535875 
0.0013999999999999998 	 1.3256522871370213 
0.00147 	 1.3244564424957894 
0.00154 	 1.3234512927723427 
0.0016099999999999999 	 1.3226339617736667 
0.0016799999999999999 	 1.3220015823775397 
0.0017499999999999998 	 1.3215512967640983 
0.0018199999999999998 	 1.321280256671373 
0.0018899999999999998 	 1.321185623673435 
0.00196 	 1.3212645694797769 
0.0020299999999999997 	 1.321514276254535 
0.0021 	 1.3219319369541493 
0.0021699999999999996 	 1.3225147556820533 
0.00224 	 1.3232599480589822 
0.00231 	 1.3241647416074889 
0.0023799999999999997 	 1.3252263761492635 
0.00245 	 1.3264421042138606 
0.0025199999999999997 	 1.32780919145745 
0.00259 	 1.3293249170902255 
0.0026599999999999996 	 1.3309865743111229 
0.00273 	 1.33279147074852 
0.0027999999999999995 	 1.3347369289056203 
0.0028699999999999997 	 1.3368202866092478 
0.00294 	 1.3390388974608105 
0.0030099999999999997 	 1.3413901312882257 
0.00308 	 1.3438713745976325 
0.0031499999999999996 	 1.3464800310237586 
0.0032199999999999998 	 1.3492135217778425 
0.0032899999999999995 	 1.3520692860920596 
0.0033599999999999997 	 1.3550447816594362 
0.00343 	 1.3581374850682857 
0.0034999999999999996 	 1.361344892230241 
0.00357 	 1.3646645188010054 
0.0036399999999999996 	 1.3680939005929917 
0.0037099999999999998 	 1.3716305939790627 
0.0037799999999999995 	 1.3752721762866364 
0.0038499999999999997 	 1.379016246181467 
0.00392 	 1.3828604240404567 
0.00399 	 1.3868023523129067 
0.004059999999999999 	 1.390839695869656 
0.00413 	 1.3949701423396095 
0.0042 	 1.3991914024331966 
0.0042699999999999995 	 1.4035012102523565 
0.004339999999999999 	 1.4078973235866779 
0.00441 	 1.4123775241953775 
0.00448 	 1.4169396180748364 
0.004549999999999999 	 1.4215814357114562 
0.00462 	 1.4263008323196422 
0.00469 	 1.431095688064752 
0.0047599999999999995 	 1.4359639082708944 
0.004829999999999999 	 1.440903423613493 
0.0049 	 1.4459121902965695 
0.00497 	 1.4509881902147312 
0.005039999999999999 	 1.4561294310998834 
0.00511 	 1.4613339466527142 
0.00518 	 1.4665997966590334 
0.0052499999999999995 	 1.4719250670910682 
0.005319999999999999 	 1.477307870193853 
0.00539 	 1.482746344556867 
0.00546 	 1.488238655171103 
0.005529999999999999 	 1.4937829934717697 
0.005599999999999999 	 1.4993775773668472 
0.00567 	 1.505020651251741 
0.0057399999999999994 	 1.5107104860102913 
0.005809999999999999 	 1.516445379002411 
0.00588 	 1.5222236540386427 
0.0059499999999999996 	 1.5280436613419366 
0.006019999999999999 	 1.5339037774969622 
0.006089999999999999 	 1.5398024053872785 
0.00616 	 1.5457379741206958 
0.006229999999999999 	 1.5517089389431706 
0.006299999999999999 	 1.557539689199969 
0.00637 	 1.5631616495600917 
0.0064399999999999995 	 1.5685768861700664 
0.006509999999999999 	 1.573787431884819 
0.006579999999999999 	 1.5787952870618158 
0.00665 	 1.5836024203561667 
0.006719999999999999 	 1.5882107695168437 
0.006789999999999999 	 1.5926222421841412 
0.00686 	 1.5968387166884983 
0.0069299999999999995 	 1.6008620428507812 
0.006999999999999999 	 1.6046940427841052 
0.007069999999999999 	 1.6083365116972608 
0.00714 	 1.6117912186997834 
0.007209999999999999 	 1.6150599076086893 
0.007279999999999999 	 1.6181442977568772 
0.00735 	 1.6210460848031722 
0.0074199999999999995 	 1.6237669415439668 
0.007489999999999999 	 1.6263085187263877 
0.007559999999999999 	 1.6286724458628936 
0.00763 	 1.630860332047184 
0.007699999999999999 	 1.632873766771268 
0.007769999999999999 	 1.634714320743524 
0.00784 	 1.6363835467075412 
0.007909999999999999 	 1.6378829802615167 
0.00798 	 1.6392141406779457 
0.00805 	 1.6403785317233144 
0.008119999999999999 	 1.6413776424774766 
0.00819 	 1.6422129481523626 
0.00826 	 1.6428859109096396 
0.008329999999999999 	 1.6433979806769097 
0.0084 	 1.6437505959620031 
0.00847 	 1.6439451846648918 
0.008539999999999999 	 1.6439831648867156 
0.00861 	 1.6438659457353841 
0.008679999999999998 	 1.6435949281271889 
0.008749999999999999 	 1.6431715055838223 
0.00882 	 1.64259706502418 
0.008889999999999999 	 1.6418729875502844 
0.00896 	 1.641000649226649 
0.00903 	 1.639981421852361 
0.009099999999999999 	 1.6388166737251513 
0.00917 	 1.6375077703966794 
0.00924 	 1.636056075418245 
0.009309999999999999 	 1.6344629510761155 
0.00938 	 1.6327297591156333 
0.009449999999999998 	 1.6308578614532514 
0.009519999999999999 	 1.6288486208756274 
0.00959 	 1.6267034017248894 
0.009659999999999998 	 1.624423570569176 
0.009729999999999999 	 1.6220104968575415 
0.0098 	 1.619465553558307 
0.009869999999999999 	 1.6167901177799358 
0.00994 	 1.6139855713735083 
0.01001 	 1.6110533015158646 
0.010079999999999999 	 1.6079947012724982 
0.01015 	 1.6048111701392782 
0.01022 	 1.6015041145620936 
0.010289999999999999 	 1.5980749484335237 
0.01036 	 1.5945250935656514 
0.010429999999999998 	 1.5908559801381617 
0.010499999999999999 	 1.5870690471208806 
0.01057 	 1.583165742669945 
0.010639999999999998 	 1.579147524496816 
0.010709999999999999 	 1.5750158602093836 
0.01078 	 1.5707722276244465 
0.010849999999999999 	 1.5664181150508896 
0.01092 	 1.5619550215429239 
0.01099 	 1.5573844571227997 
0.011059999999999999 	 1.5527079429724524 
0.01113 	 1.5479270115935917 
0.011199999999999998 	 1.5430432069358018 
0.011269999999999999 	 1.5380580844922744 
0.01134 	 1.532973211362858 
0.011409999999999998 	 1.5277901662841695 
0.011479999999999999 	 1.5225105396265783 
0.01155 	 1.5171359333579402 
0.011619999999999998 	 1.5116679609740233 
0.011689999999999999 	 1.5061082473956457 
0.01176 	 1.5004584288326048 
0.011829999999999999 	 1.4947201526145608 
0.011899999999999999 	 1.488895076989103 
0.01197 	 1.4829848708873012 
0.012039999999999999 	 1.4769912136571242 
0.01211 	 1.470915794765168 
0.012179999999999998 	 1.464760313467226 
0.012249999999999999 	 1.458526478448288 
0.01232 	 1.4522160074326407 
0.012389999999999998 	 1.4458306267648011 
0.012459999999999999 	 1.4393720709620914 
0.01253 	 1.4329133015189486 
0.012599999999999998 	 1.4263125823651392 
0.012669999999999999 	 1.4196439511740773 
0.01274 	 1.4129091699183876 
0.012809999999999998 	 1.4061100061169363 
0.012879999999999999 	 1.3992482322376232 
0.01295 	 1.3923256250791574 
0.013019999999999999 	 1.3853439651330781 
0.01309 	 1.37830503592732 
0.013159999999999998 	 1.3712106233526644 
0.013229999999999999 	 1.3640625149734495 
0.0133 	 1.3568624993239409 
0.013369999999999998 	 1.3496123651917948 
0.013439999999999999 	 1.3423139008900637 
0.01351 	 1.3349688935192083 
0.013579999999999998 	 1.3275791282205989 
0.013649999999999999 	 1.3201463874229913 
0.01372 	 1.3126724500834683 
0.013789999999999998 	 1.3051590909243354 
0.013859999999999999 	 1.2976080796674538 
0.013929999999999998 	 1.2900211802674872 
0.013999999999999999 	 1.2824001501455178 
0.01407 	 1.2747467394244758 
0.014139999999999998 	 1.2670626901678 
0.014209999999999999 	 1.2593497356227221 
0.01428 	 1.2516095994695386 
0.014349999999999998 	 1.243843995078198 
0.014419999999999999 	 1.2360546247734974 
0.01449 	 1.2282431791101396 
0.014559999999999998 	 1.2204113361588627 
0.014629999999999999 	 1.2125607608048041 
0.0147 	 1.2046931040592175 
0.014769999999999998 	 1.1968100023856054 
0.014839999999999999 	 1.188913077041285 
0.014909999999999998 	 1.1810039334353428 
0.014979999999999999 	 1.1730841605038846 
0.01505 	 1.1651553301034256 
0.015119999999999998 	 1.157218996423211 
0.015189999999999999 	 1.1492766954171953 
0.01526 	 1.1413299442563536 
0.015329999999999998 	 1.1333802408019313 
0.015399999999999999 	 1.125429063100187 
0.01547 	 1.117477868899118 
0.015539999999999998 	 1.1095280951875985 
0.015609999999999999 	 1.1015811577573051 
0.01568 	 1.0936384507877421 
0.01575 	 1.085701346454624 
0.015819999999999997 	 1.0777711945618131 
0.015889999999999998 	 1.069849322196961 
0.01596 	 1.0619370334109393 
0.01603 	 1.0540356089211027 
0.0161 	 1.0461463058383693 
0.016169999999999997 	 1.0382703574180572 
0.016239999999999997 	 1.030408972834368 
0.016309999999999998 	 1.022563336978363 
0.01638 	 1.0147346102792356 
0.01645 	 1.006923928548637 
0.01652 	 0.9991324028477814 
0.016589999999999997 	 0.9913611193770107 
0.016659999999999998 	 0.9836111393874719 
0.01673 	 0.9758834991145212 
0.0168 	 0.9681792097324412 
0.01687 	 0.9604992573300306 
0.01694 	 0.9528446029065961 
0.017009999999999997 	 0.9452161823878557 
0.017079999999999998 	 0.9376149066612379 
0.01715 	 0.9300416616300454 
0.01722 	 0.9224973082859292 
0.01729 	 0.914982682799109 
0.017359999999999997 	 0.9074985966257586 
0.017429999999999998 	 0.9000458366319652 
0.017499999999999998 	 0.8926251652336616 
0.01757 	 0.8852373205519223 
0.01764 	 0.8778830165830082 
0.01771 	 0.8705629433825426 
0.017779999999999997 	 0.863277767263195 
0.017849999999999998 	 0.8560281310052513 
0.01792 	 0.8488146540794468 
0.01799 	 0.8416379328814433 
0.01806 	 0.8344985409773316 
0.018129999999999997 	 0.8273970293595474 
0.018199999999999997 	 0.820333926712593 
0.018269999999999998 	 0.8133097396879638 
0.01834 	 0.8063249531876882 
0.01841 	 0.7993800306558945 
0.01848 	 0.792475414377833 
0.018549999999999997 	 0.785611525785786 
0.018619999999999998 	 0.7787887657713151 
0.01869 	 0.7720075150033024 
0.01876 	 0.765284554398407 
0.01883 	 0.7587185116429167 
0.018899999999999997 	 0.7523080550833848 
0.018969999999999997 	 0.7460518869536373 
0.019039999999999998 	 0.7399487428998677 
0.01911 	 0.7339973915026469 
0.01918 	 0.7281966337954469 
0.01925 	 0.7225453027792802 
0.019319999999999997 	 0.7170422629330596 
0.019389999999999998 	 0.7116864097192851 
0.019459999999999998 	 0.7064766690846709 
0.01953 	 0.7014119969553283 
0.0196 	 0.6964913787261273 
0.01967 	 0.6917138287438671 
0.019739999999999997 	 0.6870783897838921 
0.019809999999999998 	 0.6825841325198019 
0.01988 	 0.6782301549859104 
0.01995 	 0.674015582032124 
0.02002 	 0.6699395647709182 
0.020089999999999997 	 0.6660012800161095 
0.020159999999999997 	 0.6621999297131304 
0.020229999999999998 	 0.658534740360535 
0.0203 	 0.6550049624224794 
0.02037 	 0.6516098697319389 
0.02044 	 0.6483487588844479 
0.020509999999999997 	 0.6452209486221658 
0.020579999999999998 	 0.6422257792081001 
0.020649999999999998 	 0.6393626117903386 
0.02072 	 0.6366308277561726 
0.02079 	 0.6340298280760173 
0.020859999999999997 	 0.6315590326370667 
0.020929999999999997 	 0.6292178795666509 
0.020999999999999998 	 0.6270058245452929 
0.02107 	 0.6249223401094991 
0.02114 	 0.622966914944349 
0.02121 	 0.621139053165986 
0.021279999999999997 	 0.6194382735941502 
0.021349999999999997 	 0.617864109014927 
0.021419999999999998 	 0.6164161054339331 
0.02149 	 0.6150938213201899 
0.02156 	 0.6138968268409869 
0.021629999999999996 	 0.6128247030880715 
0.021699999999999997 	 0.611877041295546 
0.021769999999999998 	 0.6110534420498984 
0.02184 	 0.6103535144926329 
0.02191 	 0.6097768755160115 
0.02198 	 0.609323148952463 
0.022049999999999997 	 0.6089919647582576 
0.022119999999999997 	 0.6087829581920895 
0.022189999999999998 	 0.6086957689892541 
0.02226 	 0.6087300405321486 
0.02233 	 0.608885419017866 
0.022399999999999996 	 0.6091615526236959 
0.022469999999999997 	 0.6095580906713842 
0.022539999999999998 	 0.6100746827910432 
0.022609999999999998 	 0.6107109780856401 
0.02268 	 0.6114666242970314 
0.02275 	 0.6123412669745394 
0.022819999999999997 	 0.6133345486471045 
0.022889999999999997 	 0.6144461080000726 
0.022959999999999998 	 0.6156755790577076 
0.02303 	 0.6170225903725418 
0.0231 	 0.6184867642226995 
0.02317 	 0.6200677158183504 
0.023239999999999997 	 0.6217650525184614 
0.023309999999999997 	 0.6235783730590327 
0.023379999999999998 	 0.6255072667940109 
0.02345 	 0.6275513129500774 
0.02352 	 0.6297100798965148 
0.023589999999999996 	 0.6319831244313512 
0.023659999999999997 	 0.6343699910849752 
0.023729999999999998 	 0.6368702114424099 
0.023799999999999998 	 0.6394833034854153 
0.02387 	 0.6422087709555748 
0.02394 	 0.6450461027394996 
0.024009999999999997 	 0.6479947722772578 
0.024079999999999997 	 0.651054236995108 
0.024149999999999998 	 0.6542239377635815 
0.02422 	 0.6575032983819209 
0.02429 	 0.6608917250898427 
0.024359999999999996 	 0.6643886061075438 
0.024429999999999997 	 0.667993311204826 
0.024499999999999997 	 0.6717051913001588 
0.024569999999999998 	 0.6755235780904469 
0.02464 	 0.6794477837122073 
0.02471 	 0.6834771004348033 
0.024779999999999996 	 0.6876108003863156 
0.024849999999999997 	 0.6918481353125647 
0.024919999999999998 	 0.6961883363697297 
0.02499 	 0.7006543678250946 
0.02506 	 0.7051975622393315 
0.025129999999999996 	 0.7098411962856281 
0.025199999999999997 	 0.7145844172958151 
0.025269999999999997 	 0.7194263514907475 
0.025339999999999998 	 0.7243661039797474 
0.02541 	 0.7294027587946912 
0.02548 	 0.7345353789585849 
0.025549999999999996 	 0.7397630065883952 
0.025619999999999997 	 0.7450846630318257 
0.025689999999999998 	 0.7504993490376546 
0.025759999999999998 	 0.7560060449591741 
0.02583 	 0.7616037109902026 
0.0259 	 0.7672912874330642 
0.025969999999999997 	 0.773067694997868 
0.026039999999999997 	 0.7789318351323488 
0.026109999999999998 	 0.7848825903814686 
0.02618 	 0.7909188247759177 
0.02625 	 0.797039384248595 
0.026319999999999996 	 0.8032430970780938 
0.026389999999999997 	 0.8095287743581675 
0.026459999999999997 	 0.8158952104921003 
0.026529999999999998 	 0.8223411837108673 
0.0266 	 0.8288654566139236 
0.02667 	 0.8354667767314302 
0.026739999999999996 	 0.8421438771066876 
0.026809999999999997 	 0.8488954768975232 
0.026879999999999998 	 0.8557202819953525 
0.026949999999999998 	 0.8626169856606135 
0.02702 	 0.8695842691732585 
0.027089999999999996 	 0.8766208024969759 
0.027159999999999997 	 0.8837252449558048 
0.027229999999999997 	 0.8908962459218023 
0.027299999999999998 	 0.8981324455124232 
0.02737 	 0.905432475296277 
0.02744 	 0.9127949590059296 
0.027509999999999996 	 0.9202185132564346 
0.027579999999999997 	 0.9277017482682895 
0.027649999999999997 	 0.93524326859353 
0.027719999999999998 	 0.942841673843698 
0.02779 	 0.9504955594184433 
0.027859999999999996 	 0.9582035172335434 
0.027929999999999996 	 0.965964136447157 
0.027999999999999997 	 0.97377600418316 
0.028069999999999998 	 0.9816377062504432 
0.02814 	 0.9895478278570913 
0.02821 	 0.9975049543183987 
0.028279999999999996 	 1.0055076717577185 
0.028349999999999997 	 1.0135545677991815 
0.028419999999999997 	 1.0216442322513661 
0.028489999999999998 	 1.0297752577810428 
0.02856 	 1.0379462405761626 
0.02863 	 1.046155780997303 
0.028699999999999996 	 1.0544024842168345 
0.028769999999999997 	 1.0626849608451105 
0.028839999999999998 	 1.0710018275430389 
0.028909999999999998 	 1.079351707620433 
0.02898 	 1.0877332316195907 
0.029049999999999996 	 1.0961450378835935 
0.029119999999999997 	 1.1045857731088693 
0.029189999999999997 	 1.113054092881598 
0.029259999999999998 	 1.1215486621975965 
0.02933 	 1.1300681559653523 
0.0294 	 1.138611259491926 
0.029469999999999996 	 1.1471766689514808 
0.029539999999999997 	 1.1557630918362416 
0.029609999999999997 	 1.1643692473897216 
0.029679999999999998 	 1.1729938670220998 
0.02975 	 1.1816356947076638 
0.029819999999999996 	 1.1902934873642723 
0.029889999999999996 	 1.1989660152148256 
0.029959999999999997 	 1.2076520621307663 
0.030029999999999998 	 1.2163504259576627 
0.0301 	 1.2250599188229596 
0.03017 	 1.233779367426009 
0.030239999999999996 	 1.2425076133105217 
0.030309999999999997 	 1.2512435131196065 
0.030379999999999997 	 1.2599859388335852 
0.030449999999999998 	 1.2687337779908003 
0.03052 	 1.2774859338916482 
0.030589999999999996 	 1.286241325786093 
0.030659999999999996 	 1.2949988890449347 
0.030729999999999997 	 1.3037575753151214 
0.030799999999999998 	 1.3125163526594106 
0.030869999999999998 	 1.3212742056807012 
0.03094 	 1.3300301356313664 
0.031009999999999996 	 1.3387831605079341 
0.031079999999999997 	 1.3475323151314662 
0.031149999999999997 	 1.356276651214003 
0.031219999999999998 	 1.3650152374114413 
0.03129 	 1.3736078859341667 
0.03136 	 1.381951287695197 
0.03143 	 1.39004810399816 
0.0315 	 1.3979009540637581 
0.031569999999999994 	 1.40551241595135 
0.031639999999999995 	 1.412885027479599 
0.031709999999999995 	 1.4200212871463662 
0.031779999999999996 	 1.4269236550480087 
0.031849999999999996 	 1.4335945537982289 
0.03192 	 1.4400363694466045 
0.03199 	 1.4462514523969066 
0.03206 	 1.4522421183252974 
0.03213 	 1.458010649098477 
0.0322 	 1.4635592936918291 
0.03227 	 1.4688902691075914 
0.032339999999999994 	 1.474005761293057 
0.032409999999999994 	 1.4789079260587885 
0.032479999999999995 	 1.4835988899967962 
0.032549999999999996 	 1.48808075139862 
0.032619999999999996 	 1.492355581173213 
0.03269 	 1.4964254237645094 
0.03276 	 1.5002922980685283 
0.03283 	 1.503958198349833 
0.0329 	 1.507425095157144 
0.03297 	 1.5106949362378694 
0.03304 	 1.5137696474512856 
0.03311 	 1.5166511336800763 
0.033179999999999994 	 1.5193412797399013 
0.033249999999999995 	 1.5218419512866397 
0.033319999999999995 	 1.5241549957209173 
0.033389999999999996 	 1.5262822430894993 
0.03346 	 1.5282255069830972 
0.03353 	 1.529986585430105 
0.0336 	 1.531567261785752 
0.03367 	 1.5329693056161282 
0.03374 	 1.5341944735764994 
0.03381 	 1.5352445102833154 
0.03388 	 1.5361211491792663 
0.033949999999999994 	 1.5368261133907268 
0.034019999999999995 	 1.537361116576894 
0.034089999999999995 	 1.537727863769898 
0.034159999999999996 	 1.5379280522051415 
0.03423 	 1.5379633721410955 
0.0343 	 1.5378355076677586 
0.03437 	 1.5375461375029653 
0.03444 	 1.5370969357757092 
0.03451 	 1.5364895727956254 
0.03458 	 1.5357257158077686 
0.03465 	 1.5348070297318004 
0.034719999999999994 	 1.5337351778846946 
0.034789999999999995 	 1.5325118226860592 
0.034859999999999995 	 1.5311386263451636 
0.034929999999999996 	 1.529617251528763 
0.034999999999999996 	 1.5279493620088034 
0.03507 	 1.5261366232890998 
0.03514 	 1.52418070321008 
0.03521 	 1.5220832725306987 
0.03528 	 1.5198460054866356 
0.03535 	 1.5174705803239077 
0.03542 	 1.5149586798070431 
0.035489999999999994 	 1.5123119917009864 
0.035559999999999994 	 1.5095322092259285 
0.035629999999999995 	 1.5066210314842852 
0.035699999999999996 	 1.5035801638590787 
0.035769999999999996 	 1.5004113183830101 
0.03584 	 1.4971162140775542 
0.03591 	 1.493696577261444 
0.03598 	 1.49015414182796 
0.03605 	 1.486490649490492 
0.03612 	 1.4827078499958795 
0.03619 	 1.4788075013051096 
0.036259999999999994 	 1.4747913697409893 
0.036329999999999994 	 1.4706612301024815 
0.036399999999999995 	 1.466418865745451 
0.036469999999999995 	 1.4620660686296314 
0.036539999999999996 	 1.457604639331688 
0.03661 	 1.4530363870243246 
0.03668 	 1.4483631294214463 
0.03675 	 1.4435866926894645 
0.03682 	 1.4387089113249 
0.03689 	 1.4337316279985148 
0.03696 	 1.4286566933662732 
0.037029999999999993 	 1.4234859658475096 
0.037099999999999994 	 1.418221311370751 
0.037169999999999995 	 1.4128646030877146 
0.037239999999999995 	 1.4074177210560768 
0.037309999999999996 	 1.4018825518916747 
0.03738 	 1.3962609883908776 
0.03745 	 1.3905549291239305 
0.03752 	 1.3848137716658087 
0.03759 	 1.3789437393146027 
0.03766 	 1.3729949473308403 
0.03773 	 1.3669693126140168 
0.03779999999999999 	 1.3608687554036276 
0.037869999999999994 	 1.3546951987187221 
0.037939999999999995 	 1.348450567775771 
0.038009999999999995 	 1.342136789386107 
0.038079999999999996 	 1.3357557913342428 
0.038149999999999996 	 1.3293095017384087 
0.03822 	 1.3227998483946808 
0.03829 	 1.3162287581061136 
0.03836 	 1.309598155998303 
0.03843 	 1.3029099648228373 
0.0385 	 1.2961661042501071 
0.03856999999999999 	 1.2893684901529583 
0.038639999999999994 	 1.282519033882679 
0.038709999999999994 	 1.2756196415388208 
0.038779999999999995 	 1.2686722132343453 
0.038849999999999996 	 1.2616786423575916 
0.038919999999999996 	 1.2546408148325416 
0.03899 	 1.247560608378854 
0.03906 	 1.2404398917731152 
0.03913 	 1.233280524112736 
0.0392 	 1.2260843540838957 
0.03927 	 1.2188532192349073 
0.03934 	 1.2115889452563426 
0.039409999999999994 	 1.2042933452692222 
0.039479999999999994 	 1.1969682191225317 
0.039549999999999995 	 1.1896153527012894 
0.039619999999999995 	 1.1822365172463363 
0.039689999999999996 	 1.1748334686869824 
0.03976 	 1.1674079469875833 
0.03983 	 1.1599616755090756 
0.0399 	 1.1524963603864404 
0.03997 	 1.1450136899230159 
0.04004 	 1.1375153340025141 
0.04011 	 1.1300029435195469 
0.040179999999999993 	 1.1224781498294023 
0.040249999999999994 	 1.1149425642177557 
0.040319999999999995 	 1.1073977773909391 
0.040389999999999995 	 1.0998453589873318 
0.040459999999999996 	 1.0922868571103779 
0.04053 	 1.0847237978836728 
0.0406 	 1.077157685028505 
0.04067 	 1.0695899994641778 
0.04074 	 1.0620221989313832 
0.04081 	 1.0544557176388352 
0.04088 	 1.0468919659333236 
0.04094999999999999 	 1.0393323299932864 
0.041019999999999994 	 1.0317781715459542 
0.041089999999999995 	 1.0242308276080618 
0.041159999999999995 	 1.0166916102500785 
0.041229999999999996 	 1.0091618063838563 
0.041299999999999996 	 1.0016426775735534 
0.04137 	 0.994135459869643 
0.04144 	 0.9866413636657796 
0.04151 	 0.979161573578251 
0.04158 	 0.9716972483477108 
0.04165 	 0.9642495207628479 
0.04171999999999999 	 0.9568194976056175 
0.041789999999999994 	 0.9494082596176282 
0.041859999999999994 	 0.9420168614872491 
0.041929999999999995 	 0.9346463318569754 
0.041999999999999996 	 0.9272976733505676 
0.042069999999999996 	 0.9199718626194544 
0.04214 	 0.9126698504078742 
0.04221 	 0.9053925616362062 
0.04228 	 0.898140895501932 
0.04235 	 0.8909157255976514 
0.04242 	 0.8837179000455653 
0.04248999999999999 	 0.8765482416478284 
0.042559999999999994 	 0.8694075480521678 
0.042629999999999994 	 0.8622965919321549 
0.042699999999999995 	 0.8552161211815158 
0.042769999999999996 	 0.8481668591218603 
0.042839999999999996 	 0.8411495047232114 
0.04291 	 0.8341647328367134 
0.04298 	 0.8272131944389022 
0.04305 	 0.8202955168869203 
0.04312 	 0.8134123041840681 
0.04319 	 0.8065641372550839 
0.04325999999999999 	 0.799751574230554 
0.043329999999999994 	 0.7929751507398607 
0.043399999999999994 	 0.7862353802120867 
0.043469999999999995 	 0.7795327541843002 
0.043539999999999995 	 0.7728677426166585 
0.043609999999999996 	 0.7662407942137761 
0.04368 	 0.759652336751819 
0.04375 	 0.7531027774107923 
0.04382 	 0.7467074487958391 
0.04389 	 0.7404650567121228 
0.04396 	 0.734374340297322 
0.04402999999999999 	 0.7284340715562825 
0.04409999999999999 	 0.722643054892507 
0.044169999999999994 	 0.717000126636083 
0.044239999999999995 	 0.7115041545676524 
0.044309999999999995 	 0.7061540374380295 
0.044379999999999996 	 0.700948704483076 
0.044449999999999996 	 0.6958871149334447 
0.04452 	 0.6909682575188114 
0.04459 	 0.6861911499662182 
0.04466 	 0.6815548384921573 
0.04473 	 0.6770583972880353 
0.04479999999999999 	 0.6727009279986647 
0.04486999999999999 	 0.6684815591934383 
0.044939999999999994 	 0.6643994458298572 
0.045009999999999994 	 0.6604537687090912 
0.045079999999999995 	 0.6566437339232669 
0.045149999999999996 	 0.6529685722941927 
0.045219999999999996 	 0.6494275388032461 
0.04529 	 0.6460199120121661 
0.04536 	 0.6427449934745131 
0.04543 	 0.6396021071375779 
0.0455 	 0.6365905987345452 
0.04557 	 0.6337098351667363 
0.04563999999999999 	 0.6309592038757853 
0.045709999999999994 	 0.6283381122056245 
0.045779999999999994 	 0.6258459867541852 
0.045849999999999995 	 0.6234822727147471 
0.045919999999999996 	 0.6212464332069004 
0.045989999999999996 	 0.6191379485971173 
0.04606 	 0.61715631580896 
0.04613 	 0.6153010476229891 
0.0462 	 0.6135716719664709 
0.04627 	 0.6119677311930178 
0.04634 	 0.6104887813523358 
0.04640999999999999 	 0.6091343914502896 
0.046479999999999994 	 0.6079041426995394 
0.046549999999999994 	 0.6067976277610388 
0.046619999999999995 	 0.6058144499767307 
0.046689999999999995 	 0.6049542225938161 
0.046759999999999996 	 0.6042165679810158 
0.04683 	 0.6036011168372866 
0.0469 	 0.6031075073935005 
0.04697 	 0.6027353846076335 
0.04704 	 0.6024843993540613 
0.04711 	 0.6023542076075961 
0.04717999999999999 	 0.6023444696229487 
0.04724999999999999 	 0.6024548491103371 
0.047319999999999994 	 0.602685012408008 
0.047389999999999995 	 0.6030346276524801 
0.047459999999999995 	 0.6035033639473552 
0.047529999999999996 	 0.6040908905315852 
0.047599999999999996 	 0.6047968759481192 
0.04767 	 0.6056209872138915 
0.04774 	 0.6065628889921469 
0.04781 	 0.6076222427681296 
0.04788 	 0.6087987060291938 
0.04794999999999999 	 0.6100919314504234 
0.04801999999999999 	 0.6115015660868693 
0.048089999999999994 	 0.6130272505735401 
0.048159999999999994 	 0.6146686183342975 
0.048229999999999995 	 0.6164252948008281 
0.048299999999999996 	 0.6182968966428728 
0.048369999999999996 	 0.6202830310109081 
0.04844 	 0.6223832947924781 
0.04851 	 0.6245972738833794 
0.04858 	 0.6269245424749003 
0.04865 	 0.6293646623583103 
0.04871999999999999 	 0.6319171822477883 
0.04878999999999999 	 0.6345816371229628 
0.048859999999999994 	 0.6373575475922244 
0.048929999999999994 	 0.6402444192779464 
0.048999999999999995 	 0.6432417422247262 
0.049069999999999996 	 0.646348990331732 
0.049139999999999996 	 0.6495656208102046 
0.04921 	 0.6528910736671292 
0.04928 	 0.6563247712160492 
0.04935 	 0.6598661176159524 
0.04942 	 0.6635144984391096 
0.04948999999999999 	 0.6672692802686943 
0.04955999999999999 	 0.6711298103269584 
0.049629999999999994 	 0.67509541613468 
0.049699999999999994 	 0.6791654052025372 
0.049769999999999995 	 0.6833390647549997 
0.049839999999999995 	 0.6876156614872635 
0.049909999999999996 	 0.6919944413556822 
0.04998 	 0.6965221230677537 
0.05005 	 0.7011022251210566 
0.05012 	 0.7057821324237876 
0.05019 	 0.71056100641228 
0.05025999999999999 	 0.715437987251771 
0.05032999999999999 	 0.7204121938332836 
0.05039999999999999 	 0.725482723805134 
0.050469999999999994 	 0.7306486536389192 
0.050539999999999995 	 0.7359090387297635 
0.050609999999999995 	 0.7412629135305268 
0.050679999999999996 	 0.7467092917195987 
0.050749999999999997 	 0.752247166401834 
0.05082 	 0.7578755103421062 
0.05089 	 0.7635932762308896 
0.05096 	 0.7693993969812076 
0.05103 	 0.7752927860562224 
0.05109999999999999 	 0.781272337826672 
0.05116999999999999 	 0.7873369279573046 
0.051239999999999994 	 0.7934854138213969 
0.051309999999999995 	 0.799716634942392 
0.051379999999999995 	 0.8060294134616366 
0.051449999999999996 	 0.8124225546311533 
0.051519999999999996 	 0.8188948473303348 
0.05159 	 0.8254450646054086 
0.05166 	 0.8320719642304835 
0.05173 	 0.8387742892889553 
0.0518 	 0.84555076877402 
0.05186999999999999 	 0.8524001182070198 
0.05193999999999999 	 0.8593210402723231 
0.052009999999999994 	 0.8663122254674268 
0.052079999999999994 	 0.8733723527669526 
0.052149999999999995 	 0.880500090299204 
0.052219999999999996 	 0.8876940960339438 
0.052289999999999996 	 0.8949530184800517 
0.05236 	 0.902275497391725 
0.05243 	 0.9096601644818925 
0.0525 	 0.917105644141522 
0.05257 	 0.9246105541635149 
0.05263999999999999 	 0.9321735064699007 
0.05270999999999999 	 0.9397931078410626 
0.052779999999999994 	 0.9474679606457507 
0.052849999999999994 	 0.955196663570664 
0.052919999999999995 	 0.9629778123484142 
0.052989999999999995 	 0.9708100004827116 
0.053059999999999996 	 0.978691819969653 
0.05313 	 0.9866218620140219 
0.0532 	 0.9945987177395529 
0.05327 	 1.002620978892151 
0.05334 	 1.0106872385350973 
0.05340999999999999 	 1.0187960917353156 
0.05347999999999999 	 1.0269461362398171 
0.05354999999999999 	 1.0351359731414875 
0.053619999999999994 	 1.0433642075334233 
0.053689999999999995 	 1.0516294491510725 
0.053759999999999995 	 1.05993031300148 
0.053829999999999996 	 1.068265419978985 
0.053899999999999997 	 1.0766333974667637 
0.05397 	 1.0850328799236615 
0.05404 	 1.093462509455797 
0.05411 	 1.1019209363724765 
0.05417999999999999 	 1.1104068197259922 
0.05424999999999999 	 1.118918827834935 
0.05431999999999999 	 1.1274556387906836 
0.054389999999999994 	 1.136015940946785 
0.054459999999999995 	 1.14459843339098 
0.054529999999999995 	 1.153201826399668 
0.054599999999999996 	 1.1618248418746464 
0.054669999999999996 	 1.170466213762001 
0.05474 	 1.1791246884530566 
0.05481 	 1.1877990251673394 
0.05488 	 1.196487996317532 
0.05494999999999999 	 1.2051903878564412 
0.05501999999999999 	 1.2139049996060234 
0.05508999999999999 	 1.222630645568554 
0.055159999999999994 	 1.2313661542200436 
0.055229999999999994 	 1.2401103687860409 
0.055299999999999995 	 1.2488621474999857 
0.055369999999999996 	 1.2576203638442975 
0.055439999999999996 	 1.2663839067744118 
0.05551 	 1.275151680925995 
0.05558 	 1.2839226068055924 
0.05565 	 1.2926956209649763 
0.05571999999999999 	 1.301469676159485 
0.05578999999999999 	 1.310243741490658 
0.05585999999999999 	 1.3190168025334792 
0.055929999999999994 	 1.327787861448566 
0.055999999999999994 	 1.3365559370796432 
0.056069999999999995 	 1.3453200650366548 
0.056139999999999995 	 1.3540792977648783 
0.056209999999999996 	 1.3628327046004083 
0.05628 	 1.3714749168130664 
0.05635 	 1.3798672966508836 
0.05642 	 1.3880125144731144 
0.05648999999999999 	 1.3959131983807083 
0.05655999999999999 	 1.4035719351386835 
0.05662999999999999 	 1.4109912710975288 
0.05669999999999999 	 1.4181737131138166 
0.056769999999999994 	 1.4251217294701908 
0.056839999999999995 	 1.4318377507948763 
0.056909999999999995 	 1.4383241709808436 
0.056979999999999996 	 1.4445833481047379 
0.05705 	 1.450617605345667 
0.05712 	 1.4564292319039225 
0.05719 	 1.4620204839196844 
0.05726 	 1.4673935853917404 
0.05732999999999999 	 1.4725507290962287 
0.05739999999999999 	 1.4774940775053886 
0.05746999999999999 	 1.4822257637062781 
0.057539999999999994 	 1.4867478923193944 
0.057609999999999995 	 1.4910625404171074 
0.057679999999999995 	 1.495171758441787 
0.057749999999999996 	 1.4990775711234816 
0.057819999999999996 	 1.5027819783969738 
0.05789 	 1.5062869563180112 
0.05796 	 1.5095944579784841 
0.05803 	 1.5127064144202866 
0.05809999999999999 	 1.5156247355475727 
0.05816999999999999 	 1.5183513110370839 
0.05823999999999999 	 1.5208880112461969 
0.058309999999999994 	 1.523236688118307 
0.058379999999999994 	 1.5253991760851324 
0.058449999999999995 	 1.5273772929654919 
0.058519999999999996 	 1.529172840860077 
0.058589999999999996 	 1.5307876070417108 
0.05866 	 1.5322233648405492 
0.05873 	 1.5334818745236567 
0.0588 	 1.5345648841683508 
0.05886999999999999 	 1.535474130528686 
0.05893999999999999 	 1.5362113398944155 
0.05900999999999999 	 1.5367782289417393 
0.059079999999999994 	 1.5371765055751285 
0.059149999999999994 	 1.5374078697594757 
0.059219999999999995 	 1.5374740143418117 
0.059289999999999995 	 1.5373766258617938 
0.059359999999999996 	 1.537117385350155 
0.05943 	 1.5366979691142832 
0.0595 	 1.5361200495100795 
0.05957 	 1.5353852956992282 
0.05963999999999999 	 1.5344953743910008 
0.05970999999999999 	 1.533451950567701 
0.05977999999999999 	 1.5322566881928485 
0.059849999999999993 	 1.530911250901198 
0.059919999999999994 	 1.529417302669675 
0.059989999999999995 	 1.527776508468323 
0.060059999999999995 	 1.5259905348903464 
0.060129999999999996 	 1.5240610507603447 
0.0602 	 1.521989727719839 
0.06027 	 1.519778240789205 
0.06034 	 1.5174282689051384 
0.06040999999999999 	 1.5149414954327973 
0.06047999999999999 	 1.5123196086517912 
0.06054999999999999 	 1.5095643022152025 
0.06061999999999999 	 1.506677275580862 
0.060689999999999994 	 1.5036602344141272 
0.060759999999999995 	 1.500514890961449 
0.060829999999999995 	 1.497242964394047 
0.060899999999999996 	 1.4938461811210606 
0.060969999999999996 	 1.4903262750715818 
0.06104 	 1.4866849879450275 
0.06111 	 1.4829240694293573 
0.06117999999999999 	 1.4790452773866989 
0.06124999999999999 	 1.4750503780059978 
0.06131999999999999 	 1.4709411459223665 
0.06138999999999999 	 1.466719364302873 
0.061459999999999994 	 1.4623868248985703 
0.061529999999999994 	 1.457945328062631 
0.061599999999999995 	 1.453396682734528 
0.061669999999999996 	 1.4487427063902587 
0.061739999999999996 	 1.443985224958695 
0.06181 	 1.439126072704199 
0.06188 	 1.4341670920757272 
0.06194999999999999 	 1.4291101335227157 
0.06201999999999999 	 1.4239570552781073 
0.06208999999999999 	 1.4187097231089651 
0.06215999999999999 	 1.4133700100351771 
0.062229999999999994 	 1.407939796016841 
0.062299999999999994 	 1.4024209676109791 
0.062369999999999995 	 1.3968154175983125 
0.062439999999999996 	 1.3911250445808832 
0.06251 	 1.3853755064255442 
0.06258 	 1.3795208551273483 
0.06265 	 1.3735871122489043 
0.06272 	 1.3675761950267493 
0.06279 	 1.3614900241030214 
0.06286 	 1.355330522968397 
0.06293 	 1.349099617383162 
0.063 	 1.3427992347776734 
0.06307 	 1.3364313036335047 
0.06313999999999999 	 1.329997752846614 
0.06320999999999999 	 1.3235005110739049 
0.06327999999999999 	 1.3169415060645826 
0.06334999999999999 	 1.3103226639777348 
0.06341999999999999 	 1.303645908687588 
0.06348999999999999 	 1.2969131610779094 
0.06355999999999999 	 1.290126338327036 
0.06362999999999999 	 1.2832873531850237 
0.06369999999999999 	 1.2763981132444127 
0.06377 	 1.2694605202061036 
0.06384 	 1.2624764691418386 
0.06391 	 1.2554478477547688 
0.06398 	 1.2483765356395773 
0.06405 	 1.241264403543614 
0.06412 	 1.2341133126304689 
0.06419 	 1.2269251137473938 
0.06426 	 1.2197016466979478 
0.06433 	 1.2124447395212126 
0.0644 	 1.2051562077788849 
0.06447 	 1.1978378538515178 
0.06454 	 1.1904914662451365 
0.06461 	 1.1831188189094135 
0.06467999999999999 	 1.1757216705685358 
0.06474999999999999 	 1.1683017640658528 
0.06481999999999999 	 1.160860825723335 
0.06488999999999999 	 1.1534005647168273 
0.06495999999999999 	 1.1459226724680183 
0.06502999999999999 	 1.138428822053995 
0.06509999999999999 	 1.130920667635194 
0.06516999999999999 	 1.1233998439024966 
0.06523999999999999 	 1.1158679655441663 
0.06530999999999999 	 1.1083266267332554 
0.06538 	 1.100777400636055 
0.06545 	 1.0932218389421007 
0.06552 	 1.0856614714161887 
0.06559 	 1.078097805472791 
0.06566 	 1.070532325773209 
0.06573 	 1.0629664938457397 
0.0658 	 1.0554017477290765 
0.06587 	 1.047839501639106 
0.06594 	 1.040281145659215 
0.06601 	 1.03272804545416 
0.06608 	 1.0251815420075094 
0.06615 	 1.01764295138261 
0.06622 	 1.0101135645069896 
0.06628999999999999 	 1.002594646980056 
0.06635999999999999 	 0.9950874389039087 
0.06642999999999999 	 0.9875931547370433 
0.06649999999999999 	 0.9801129831706805 
0.06656999999999999 	 0.9726480870274206 
0.06663999999999999 	 0.9651996031818844 
0.06670999999999999 	 0.9577686425029711 
0.06677999999999999 	 0.9503562898173294 
0.06684999999999999 	 0.9429636038936123 
0.06692 	 0.9355916174470563 
0.06699 	 0.9282413371639039 
0.06706 	 0.920913743745163 
0.06713 	 0.913609791969179 
0.0672 	 0.9063304107724763 
0.06727 	 0.8990765033483087 
0.06734 	 0.8918489472623463 
0.06741 	 0.8846485945849136 
0.06748 	 0.8774762720391818 
0.06755 	 0.8703327811647121 
0.06762 	 0.8632188984957405 
0.06769 	 0.8561353757535861 
0.06776 	 0.8490829400525682 
0.06782999999999999 	 0.8420622941188093 
0.06789999999999999 	 0.8350741165213051 
0.06796999999999999 	 0.828119061914644 
0.06803999999999999 	 0.821197761292758 
0.06810999999999999 	 0.8143108222530959 
0.06817999999999999 	 0.8074588292706102 
0.06824999999999999 	 0.8006423439809587 
0.06831999999999999 	 0.7938619054723275 
0.06838999999999999 	 0.7871180305852915 
0.06846 	 0.7804112142201365 
0.06853 	 0.7737419296510787 
0.0686 	 0.7671106288468269 
0.06867 	 0.7605177427969447 
0.06874 	 0.7539636818434828 
0.06881 	 0.7475473598092094 
0.06888 	 0.7412841430345942 
0.06895 	 0.7351727661312928 
0.06902 	 0.7292119966417429 
0.06909 	 0.7234006345711745 
0.06916 	 0.7177375119161157 
0.06923 	 0.7122214921889948 
0.0693 	 0.7068514699384475 
0.06936999999999999 	 0.7016263702649349 
0.06943999999999999 	 0.6965451483312859 
0.06950999999999999 	 0.6916067888677803 
0.06957999999999999 	 0.6868103056713966 
0.06964999999999999 	 0.6821547410988523 
0.06971999999999999 	 0.677639165553075 
0.06978999999999999 	 0.6732626769627494 
0.06985999999999999 	 0.6690244002545961 
0.06992999999999999 	 0.6649234868180489 
