0 	 0 
0.07 	 0.003499788422487355 
0.14 	 0.0069989421380167996 
0.21000000000000002 	 0.01049703809388005 
0.28 	 0.013993653365253487 
0.35000000000000003 	 0.01748836520633037 
0.42000000000000004 	 0.020980751101431418 
0.49000000000000005 	 0.02447038881608755 
0.56 	 0.027956856448088655 
0.6300000000000001 	 0.03143973247849216 
0.7000000000000002 	 0.03491859582258529 
0.77 	 0.038393025880794796 
0.8400000000000001 	 0.04186260258953807 
0.9100000000000001 	 0.04532690647200941 
0.9800000000000002 	 0.04878551868889539 
1.05 	 0.052238021089013126 
1.12 	 0.055683996259865344 
1.1900000000000002 	 0.05912302757810617 
1.2600000000000002 	 0.06255469925991147 
1.3300000000000003 	 0.06597859641124774 
1.4000000000000001 	 0.06939430507803336 
1.4700000000000002 	 0.07280141229618624 
1.5400000000000003 	 0.0761995061415518 
1.61 	 0.07958817577970516 
1.6800000000000002 	 0.08296701151562162 
1.7500000000000002 	 0.08633560484320939 
1.8200000000000003 	 0.08969354849469854 
1.8900000000000003 	 0.0930404364898803 
1.9600000000000002 	 0.09637586418519056 
2.0300000000000002 	 0.099699428322632 
2.1 	 0.1030107270785284 
2.17 	 0.10630936011210584 
2.24 	 0.1095949286138944 
2.31 	 0.1128670353539448 
2.38 	 0.11612528472985408 
2.45 	 0.1193692828145945 
2.52 	 0.1225986374041399 
2.5900000000000003 	 0.1258129580648837 
2.66 	 0.12901185618084293 
2.73 	 0.13219494500064236 
2.8000000000000003 	 0.13536183968427343 
2.87 	 0.13851215734962186 
2.94 	 0.1416455171187587 
3.0100000000000002 	 0.14476154016398898 
3.08 	 0.14785984975365257 
3.15 	 0.15094007129767154 
3.22 	 0.15400183239283863 
3.29 	 0.15704476286784136 
3.3600000000000003 	 0.16006849482801627 
3.43 	 0.16307266269982792 
3.5 	 0.16605690327506725 
3.5700000000000003 	 0.16902085575476392 
3.64 	 0.17196416179280752 
3.7100000000000004 	 0.17488646553927203 
3.7800000000000002 	 0.1777874136834387 
3.85 	 0.1806666554965117 
3.9200000000000004 	 0.18352384287402185 
3.99 	 0.18635863037791284 
4.0600000000000005 	 0.18917067527830528 
4.130000000000001 	 0.1919596375949332 
4.200000000000001 	 0.19472518013824813 
4.2700000000000005 	 0.1974669685501858 
4.340000000000001 	 0.2001846713445906 
4.410000000000001 	 0.20287795994729255 
4.48 	 0.2055465087358326 
4.550000000000001 	 0.20818999507883074 
4.620000000000001 	 0.21080809937499256 
4.69 	 0.21340050509174963 
4.760000000000001 	 0.2159668988035286 
4.830000000000001 	 0.21850697022964488 
4.9 	 0.22102041227181604 
4.970000000000001 	 0.22350692105129039 
5.040000000000001 	 0.22596619594558637 
5.110000000000001 	 0.22839793962483823 
5.180000000000001 	 0.23080185808774367 
5.250000000000001 	 0.23317766069710896 
5.320000000000001 	 0.23552506021498748 
5.390000000000001 	 0.23784377283740712 
5.460000000000001 	 0.24013351822868265 
5.530000000000001 	 0.24239401955530862 
5.6000000000000005 	 0.24462500351942904 
5.670000000000001 	 0.24682620039187939 
5.740000000000001 	 0.24899734404479734 
5.8100000000000005 	 0.2511381719837979 
5.880000000000001 	 0.2532484253797095 
5.950000000000001 	 0.2553278490998666 
6.0200000000000005 	 0.2573761917389559 
6.090000000000001 	 0.25939320564941126 
6.160000000000001 	 0.26137864697135493 
6.23 	 0.26333227566208034 
6.300000000000001 	 0.2652538555250738 
6.370000000000001 	 0.2671431542385709 
6.440000000000001 	 0.26899994338364447 
6.510000000000001 	 0.2708239984718209 
6.580000000000001 	 0.27261509897222114 
6.650000000000001 	 0.27437302833822297 
6.720000000000001 	 0.276097574033642 
6.790000000000001 	 0.27778852755842753 
6.860000000000001 	 0.27944568447387064 
6.930000000000001 	 0.28106884442732083 
7.000000000000001 	 0.28265781117640926 
7.070000000000001 	 0.2842123926127745 
7.140000000000001 	 0.2857324007852888 
7.210000000000001 	 0.2872176519227817 
7.280000000000001 	 0.2886679664562582 
7.350000000000001 	 0.2900831690406088 
7.420000000000001 	 0.29146308857580916 
7.490000000000001 	 0.2928075582276061 
7.560000000000001 	 0.2941164154476884 
7.630000000000001 	 0.2953895019933389 
7.700000000000001 	 0.2966266639465663 
7.770000000000001 	 0.29782775173271414 
7.840000000000001 	 0.2989926201385446 
7.910000000000001 	 0.3001211283297949 
7.980000000000001 	 0.3012131398682043 
8.05 	 0.30226852272801 
8.120000000000001 	 0.303287149311909 
8.190000000000001 	 0.3042688964664846 
8.260000000000002 	 0.30521364549709634 
8.330000000000002 	 0.3061212821822299 
8.4 	 0.30699169678730687 
8.47 	 0.3078247840779518 
8.540000000000001 	 0.30862044333271504 
8.610000000000001 	 0.30937857835525034 
8.680000000000001 	 0.31009909748594494 
8.750000000000002 	 0.3107819136130014 
8.82 	 0.31142694418296957 
8.89 	 0.3120341112107274 
8.96 	 0.3126033412889095 
9.030000000000001 	 0.3131345655967821 
9.100000000000001 	 0.31362771990856364 
9.170000000000002 	 0.3140827446011898 
9.240000000000002 	 0.31449958466152184 
9.31 	 0.314878189692998 
9.38 	 0.3152185139217264 
9.450000000000001 	 0.31552051620201915 
9.520000000000001 	 0.3157841600213669 
9.590000000000002 	 0.3160094135048534 
9.660000000000002 	 0.31619624941900903 
9.73 	 0.3163446451751036 
9.8 	 0.31645458283187705 
9.870000000000001 	 0.3165260490977089 
9.940000000000001 	 0.3165590353322249 
10.010000000000002 	 0.316553537547342 
10.080000000000002 	 0.31650955640775025 
10.150000000000002 	 0.3164270972308326 
10.22 	 0.31630616998602196 
10.290000000000001 	 0.3161467892935958 
10.360000000000001 	 0.3159489744229087 
10.430000000000001 	 0.31571274929006254 
10.500000000000002 	 0.3154381424550151 
10.570000000000002 	 0.315125187118127 
10.64 	 0.3147739211161477 
10.71 	 0.3143843869176413 
10.780000000000001 	 0.3139566316178517 
10.850000000000001 	 0.3134907069330088 
10.920000000000002 	 0.3129866691940759 
10.990000000000002 	 0.3124445793399394 
11.06 	 0.311864502910041 
11.13 	 0.31124651003645387 
11.200000000000001 	 0.31059067543540386 
11.270000000000001 	 0.30989707839823577 
11.340000000000002 	 0.3091658027818273 
11.410000000000002 	 0.3083969369984505 
11.480000000000002 	 0.30759057400508244 
11.55 	 0.3067468112921668 
11.620000000000001 	 0.30586575087182705 
11.690000000000001 	 0.30494749926553305 
11.760000000000002 	 0.30399216749122243 
11.830000000000002 	 0.30299987104987836 
11.900000000000002 	 0.3019707299115653 
11.97 	 0.30090486850092457 
12.040000000000001 	 0.299802415682131 
12.110000000000001 	 0.2986635047433133 
12.180000000000001 	 0.2974882733804393 
12.250000000000002 	 0.2962768636806681 
12.320000000000002 	 0.2950294221051717 
12.39 	 0.2937460994714277 
12.46 	 0.29242705093498517 
12.530000000000001 	 0.2910724359707059 
12.600000000000001 	 0.2896824183534842 
12.670000000000002 	 0.28825716613844565 
12.740000000000002 	 0.28679685164062946 
12.810000000000002 	 0.28530165141415514 
12.88 	 0.28377174623087686 
12.950000000000001 	 0.2822073210585279 
13.020000000000001 	 0.28060856503835785 
13.090000000000002 	 0.278975671462265 
13.160000000000002 	 0.2773088377494272 
13.230000000000002 	 0.2756082654224336 
13.3 	 0.2738741600829202 
13.370000000000001 	 0.2721067313867123 
13.440000000000001 	 0.270306193018477 
13.510000000000002 	 0.26847276266588826 
13.580000000000002 	 0.2666066619933081 
13.650000000000002 	 0.2647081166149872 
13.720000000000002 	 0.26277735606778774 
13.790000000000001 	 0.26081461378343196 
13.860000000000001 	 0.25882012706028024 
13.930000000000001 	 0.25679413703464105 
14.000000000000002 	 0.25473688865161737 
14.070000000000002 	 0.25264863063549253 
14.140000000000002 	 0.250529615459659 
14.21 	 0.24838009931609406 
14.280000000000001 	 0.24620034208438565 
14.350000000000001 	 0.24399060730031283 
14.420000000000002 	 0.2417511621239837 
14.490000000000002 	 0.2394822773075355 
14.560000000000002 	 0.23718422716240015 
14.630000000000003 	 0.23485728952613974 
14.700000000000001 	 0.23250174572885554 
14.770000000000001 	 0.2301178805591747 
14.840000000000002 	 0.22770598222981897 
14.910000000000002 	 0.22526634234275938 
14.980000000000002 	 0.22279925585396113 
15.050000000000002 	 0.2203050210377229 
15.120000000000001 	 0.21778393945061522 
15.190000000000001 	 0.21523631589502173 
15.260000000000002 	 0.21266245838228817 
15.330000000000002 	 0.21006267809548337 
15.400000000000002 	 0.20743728935177677 
15.470000000000002 	 0.204786609564437 
15.540000000000001 	 0.20211095920445618 
15.610000000000001 	 0.19941066176180453 
15.680000000000001 	 0.19668604370631995 
15.750000000000002 	 0.19393743444823736 
15.820000000000002 	 0.19116516629836247 
15.890000000000002 	 0.18836957442789504 
15.960000000000003 	 0.1855509968279061 
16.03 	 0.18270977426847443 
16.1 	 0.17984625025748685 
16.17 	 0.17696077099910773 
16.240000000000002 	 0.1740536853519224 
16.310000000000002 	 0.17112534478675956 
16.380000000000003 	 0.16817610334419805 
16.450000000000003 	 0.1652063175917628 
16.520000000000003 	 0.16221634658081527 
16.590000000000003 	 0.1592065518031437 
16.66 	 0.15617729714725812 
16.73 	 0.15312894885439587 
16.8 	 0.15006187547424235 
16.87 	 0.14697644782037292 
16.94 	 0.14387303892542097 
17.01 	 0.14075202399597778 
17.080000000000002 	 0.13761378036722946 
17.150000000000002 	 0.1344586874573366 
17.220000000000002 	 0.1312871267215621 
17.290000000000003 	 0.1280994816061526 
17.360000000000003 	 0.12489613750197938 
17.430000000000003 	 0.121677481697944 
17.500000000000004 	 0.1184439033341545 
17.57 	 0.11519579335487781 
17.64 	 0.11193354446127407 
17.71 	 0.10865755106391844 
17.78 	 0.10536820923511632 
17.85 	 0.10206591666101764 
17.92 	 0.09875107259353604 
17.990000000000002 	 0.0954240778020787 
18.060000000000002 	 0.09208533452509282 
18.130000000000003 	 0.08873524642143434 
18.200000000000003 	 0.08537421852156503 
18.270000000000003 	 0.08200265717858375 
18.340000000000003 	 0.07862097001909775 
18.410000000000004 	 0.07522956589394002 
18.48 	 0.07182885482873866 
18.55 	 0.06841924797434419 
18.62 	 0.0650011575571208 
18.69 	 0.06157499682910762 
18.76 	 0.05814118001805595 
18.830000000000002 	 0.05470012227734851 
18.900000000000002 	 0.0512522396358068 
18.970000000000002 	 0.04779794894739265 
19.040000000000003 	 0.044337667840809954 
19.110000000000003 	 0.040871814669012754 
19.180000000000003 	 0.037400808458625784 
19.250000000000004 	 0.03392506885928354 
19.320000000000004 	 0.030445016092894045 
19.39 	 0.026961070902833402 
19.46 	 0.023473654503077326 
19.53 	 0.019983188527275778 
19.6 	 0.016490094977776825 
19.67 	 0.012994796174605982 
19.740000000000002 	 0.00949771470440709 
19.810000000000002 	 0.005999273369350999 
19.880000000000003 	 0.002499895136018167 
19.950000000000003 	 -0.0009999969157385973 
20.020000000000003 	 -0.0044999796439451015 
20.090000000000003 	 -0.007999629895664238 
20.160000000000004 	 -0.011498524558155788 
20.230000000000004 	 -0.014996240610031353 
20.3 	 -0.01849235517239825 
20.37 	 -0.021986445559986176 
20.44 	 -0.025478089332250466 
20.51 	 -0.02896686434444576 
20.580000000000002 	 -0.03245234879866391 
20.650000000000002 	 -0.03593412129482995 
20.720000000000002 	 -0.03941176088164998 
20.790000000000003 	 -0.042884847107504766 
20.860000000000003 	 -0.04635296007128295 
20.930000000000003 	 -0.04981568047314771 
21.000000000000004 	 -0.05327258966523069 
21.070000000000004 	 -0.056723269702247156 
21.14 	 -0.060167303392026146 
21.21 	 -0.06360427434594963 
21.28 	 -0.06703376702929449 
21.35 	 -0.07045536681147126 
21.42 	 -0.07386866001615354 
21.490000000000002 	 -0.0772732339712921 
21.560000000000002 	 -0.08066867705900747 
21.630000000000003 	 -0.08405457876535519 
21.700000000000003 	 -0.08743052972995748 
21.770000000000003 	 -0.09079612179549555 
21.840000000000003 	 -0.09415094805705637 
21.910000000000004 	 -0.09749460291132805 
21.980000000000004 	 -0.10082668210563792 
22.05 	 -0.10414678278682718 
22.12 	 -0.1074545035499565 
22.19 	 -0.1107494444868364 
22.26 	 -0.11403120723437672 
22.330000000000002 	 -0.11729939502274936 
22.400000000000002 	 -0.12055361272335824 
22.470000000000002 	 -0.12379346689661096 
22.540000000000003 	 -0.1270185658394862 
22.610000000000003 	 -0.1302285196328912 
22.680000000000003 	 -0.13342294018880346 
22.750000000000004 	 -0.13660144129719123 
22.820000000000004 	 -0.13976363867270686 
22.890000000000004 	 -0.14290915000114734 
22.96 	 -0.14603759498567676 
23.03 	 -0.14914859539280467 
23.1 	 -0.1522417750981151 
23.17 	 -0.15531676013174048 
23.240000000000002 	 -0.1583731787235752 
23.310000000000002 	 -0.1614106613482231 
23.380000000000003 	 -0.16442884076967365 
23.450000000000003 	 -0.16742735208570134 
23.520000000000003 	 -0.17040583277198276 
23.590000000000003 	 -0.17336392272592646 
23.660000000000004 	 -0.1763012643102098 
23.730000000000004 	 -0.1792175023960178 
23.800000000000004 	 -0.18211228440597876 
23.87 	 -0.18498526035679136 
23.94 	 -0.18783608290153814 
24.01 	 -0.19066440737168022 
24.080000000000002 	 -0.19346989181872828 
24.150000000000002 	 -0.19625219705558458 
24.220000000000002 	 -0.19901098669755113 
24.290000000000003 	 -0.20174592720299914 
24.360000000000003 	 -0.2044566879136947 
24.430000000000003 	 -0.2071429410947758 
24.500000000000004 	 -0.2098043619743759 
24.570000000000004 	 -0.21244062878288944 
24.640000000000004 	 -0.2150514227918741 
24.71 	 -0.2176364283525856 
24.78 	 -0.22019533293414012 
24.85 	 -0.22272782716129969 
24.92 	 -0.2252336048518761 
24.990000000000002 	 -0.22771236305374876 
25.060000000000002 	 -0.2301638020814921 
25.130000000000003 	 -0.23258762555260784 
25.200000000000003 	 -0.23498354042335826 
25.270000000000003 	 -0.2373512570241954 
25.340000000000003 	 -0.2396904890947827 
25.410000000000004 	 -0.2420009538186041 
25.480000000000004 	 -0.24428237185715718 
25.550000000000004 	 -0.2465344673837254 
25.62 	 -0.24875696811672607 
25.69 	 -0.2509496053526295 
25.76 	 -0.2531121139984457 
25.830000000000002 	 -0.25524423260377443 
25.900000000000002 	 -0.257345703392415 
25.970000000000002 	 -0.25941627229353187 
26.040000000000003 	 -0.26145568897237187 
26.110000000000003 	 -0.2634637068605304 
26.180000000000003 	 -0.2654400831857617 
26.250000000000004 	 -0.2673845790013303 
26.320000000000004 	 -0.2692969592149002 
26.390000000000004 	 -0.2711769926169579 
26.460000000000004 	 -0.2730244519087656 
26.53 	 -0.2748391137298425 
26.6 	 -0.27662075868496877 
26.67 	 -0.2783691713707114 
26.740000000000002 	 -0.28008414040146623 
26.810000000000002 	 -0.2817654584350151 
26.880000000000003 	 -0.2834129221975938 
26.950000000000003 	 -0.28502633250846793 
27.020000000000003 	 -0.2866054943040144 
27.090000000000003 	 -0.28815021666130475 
27.160000000000004 	 -0.2896603128211881 
27.230000000000004 	 -0.29113560021087054 
27.300000000000004 	 -0.2925759004659884 
27.370000000000005 	 -0.2939810394521729 
27.44 	 -0.2953508472861031 
27.51 	 -0.29668515835604514 
27.580000000000002 	 -0.2979838113418748 
27.650000000000002 	 -0.29924664923458155 
27.720000000000002 	 -0.30047351935525096 
27.790000000000003 	 -0.3016642733735239 
27.860000000000003 	 -0.3028187673255299 
27.930000000000003 	 -0.3039368616312925 
28.000000000000004 	 -0.3050184211116048 
28.070000000000004 	 -0.3060633150043728 
28.140000000000004 	 -0.30707141698042445 
28.210000000000004 	 -0.30804260515878357 
28.280000000000005 	 -0.3089767621214049 
28.35 	 -0.3098737749273704 
28.42 	 -0.3107335351265439 
28.490000000000002 	 -0.31155593877268284 
28.560000000000002 	 -0.31234088643600566 
28.630000000000003 	 -0.3130882832152128 
28.700000000000003 	 -0.3137980387489606 
28.770000000000003 	 -0.31447006722678594 
28.840000000000003 	 -0.31510428739948093 
28.910000000000004 	 -0.31570062258891607 
28.980000000000004 	 -0.3162590006973108 
29.050000000000004 	 -0.31677935421595 
29.120000000000005 	 -0.3172616202333462 
29.190000000000005 	 -0.3177057404428455 
29.26 	 -0.31811166114967687 
29.330000000000002 	 -0.31847933327744404 
29.400000000000002 	 -0.31880871237405883 
29.470000000000002 	 -0.3190997586171156 
29.540000000000003 	 -0.3193524368187056 
29.610000000000003 	 -0.31956671642967155 
29.680000000000003 	 -0.31974257154330077 
29.750000000000004 	 -0.3198799808984575 
29.820000000000004 	 -0.31997892788215343 
29.890000000000004 	 -0.3200394005315562 
29.960000000000004 	 -0.32006139153543567 
30.030000000000005 	 -0.32004489823504784 
30.1 	 -0.31998992262445647 
30.17 	 -0.3198964713502918 
30.240000000000002 	 -0.31976455571094703 
30.310000000000002 	 -0.31959419165521236 
30.380000000000003 	 -0.31938539978034675 
30.450000000000003 	 -0.31913820532958764 
30.520000000000003 	 -0.3188526381890991 
30.590000000000003 	 -0.31852873288435835 
30.660000000000004 	 -0.3181665285759819 
30.730000000000004 	 -0.31776606905499055 
30.800000000000004 	 -0.3173274027375155 
30.870000000000005 	 -0.3168505826589443 
30.940000000000005 	 -0.31633566646750905 
31.01 	 -0.31578271641731664 
31.080000000000002 	 -0.3151917993608221 
31.150000000000002 	 -0.3145629867407459 
31.220000000000002 	 -0.3138963545814367 
31.290000000000003 	 -0.31319198347967975 
31.360000000000003 	 -0.31244995859495256 
31.430000000000003 	 -0.3116703696391291 
31.500000000000004 	 -0.3108533108656334 
31.570000000000004 	 -0.30999888105804435 
31.640000000000004 	 -0.30910718351815253 
31.710000000000004 	 -0.30817832605347073 
31.780000000000005 	 -0.3072124209642001 
31.850000000000005 	 -0.3062095850296528 
31.92 	 -0.3051699394941332 
31.990000000000002 	 -0.3040936100522792 
32.06 	 -0.30298072683386573 
32.13 	 -0.3018314243880718 
32.2 	 -0.3006458416672133 
32.27 	 -0.2994241220099434 
32.34 	 -0.2981664131239228 
32.410000000000004 	 -0.2968728670679616 
32.480000000000004 	 -0.29554364023363533 
32.550000000000004 	 -0.29417889332637664 
32.620000000000005 	 -0.29277879134604623 
32.690000000000005 	 -0.29134350356698374 
32.760000000000005 	 -0.2898732035175424 
32.830000000000005 	 -0.2883680689591093 
32.900000000000006 	 -0.2868282818646136 
32.970000000000006 	 -0.28525402839652586 
33.040000000000006 	 -0.28364549888435064 
33.11000000000001 	 -0.28200288780161553 
33.18000000000001 	 -0.28032639374235885 
33.25 	 -0.2786162193971195 
33.32 	 -0.2768725715284313 
33.39 	 -0.27509566094582505 
33.46 	 -0.2732857024803415 
33.53 	 -0.2714429149585579 
33.6 	 -0.26956752117613136 
33.67 	 -0.267659747870863 
33.74 	 -0.2657198256952846 
33.81 	 -0.2637479891887724 
33.88 	 -0.2617444767491913 
33.95 	 -0.2597095306040719 
34.02 	 -0.2576433967813249 
34.09 	 -0.255546325079496 
34.160000000000004 	 -0.2534185690375649 
34.230000000000004 	 -0.25126038590429206 
34.300000000000004 	 -0.2490720366071171 
34.370000000000005 	 -0.24685378572061203 
34.440000000000005 	 -0.24460590143449398 
34.510000000000005 	 -0.24232865552120067 
34.580000000000005 	 -0.24002232330303266 
34.650000000000006 	 -0.23768718361886657 
34.720000000000006 	 -0.23532351879044297 
34.790000000000006 	 -0.2329316145882334 
34.86000000000001 	 -0.23051176019689015 
34.93000000000001 	 -0.22806424818028362 
35.00000000000001 	 -0.2255893744461307 
35.07 	 -0.22308743821021929 
35.14 	 -0.22055874196023256 
35.21 	 -0.21800359141917786 
35.28 	 -0.21542229550842426 
35.35 	 -0.21281516631035358 
35.42 	 -0.21018251903062918 
35.49 	 -0.20752467196008714 
35.56 	 -0.20484194643625442 
35.63 	 -0.20213466680449868 
35.7 	 -0.19940316037881453 
35.77 	 -0.1966477574022507 
35.84 	 -0.1938687910069833 
35.910000000000004 	 -0.19106659717403948 
35.980000000000004 	 -0.18824151469267708 
36.050000000000004 	 -0.1853938851194243 
36.120000000000005 	 -0.18252405273678524 
36.190000000000005 	 -0.17963236451161538 
36.260000000000005 	 -0.17671917005317306 
36.330000000000005 	 -0.17378482157085104 
36.400000000000006 	 -0.17082967383159398 
36.470000000000006 	 -0.16785408411700656 
36.540000000000006 	 -0.1648584121801576 
36.61000000000001 	 -0.16184302020208544 
36.68000000000001 	 -0.1588082727480097 
36.75000000000001 	 -0.15575453672325493 
36.82 	 -0.152682181328891 
36.89 	 -0.14959157801709638 
36.96 	 -0.146483100446249 
37.03 	 -0.14335712443575024 
37.1 	 -0.1402140279205881 
37.17 	 -0.13705419090564408 
37.24 	 -0.13387799541975018 
37.31 	 -0.130685825469501 
37.38 	 -0.12747806699282685 
37.45 	 -0.12425510781233326 
37.52 	 -0.12101733758841265 
37.59 	 -0.1177651477721339 
37.660000000000004 	 -0.11449893155791525 
37.730000000000004 	 -0.11121908383598665 
37.800000000000004 	 -0.10792600114464686 
37.870000000000005 	 -0.10462008162232146 
37.940000000000005 	 -0.10130172495942735 
38.010000000000005 	 -0.09797133235004955 
38.080000000000005 	 -0.0946293064434363 
38.150000000000006 	 -0.09127605129531818 
38.220000000000006 	 -0.0879119723190572 
38.290000000000006 	 -0.08453747623663171 
38.36000000000001 	 -0.08115297102946319 
38.43000000000001 	 -0.07775886588909063 
38.50000000000001 	 -0.07435557116769877 
38.57000000000001 	 -0.07094349832850584 
38.64 	 -0.06752305989601716 
38.71 	 -0.06409466940615027 
38.78 	 -0.060658741356237875 
38.85 	 -0.0572156911549145 
38.92 	 -0.053765935071893006 
38.99 	 -0.050309890187636985 
39.06 	 -0.04684797434293512 
39.13 	 -0.04338060608838364 
39.2 	 -0.03990820463378297 
39.27 	 -0.03643118979745463 
39.34 	 -0.03294998195548462 
39.410000000000004 	 -0.029465001990899336 
39.480000000000004 	 -0.02597667124278023 
39.550000000000004 	 -0.022485411455323283 
39.620000000000005 	 -0.01899164472684954 
39.690000000000005 	 -0.015495793458772816 
39.760000000000005 	 -0.011998280304530753 
39.830000000000005 	 -0.008499528118485419 
39.900000000000006 	 -0.004999959904799607 
39.970000000000006 	 -0.0014999987662950203 
40.040000000000006 	 0.00199993214670146 
40.11000000000001 	 0.005499409687517262 
40.18000000000001 	 0.00899801076429316 
40.25000000000001 	 0.012495312391135691 
40.32000000000001 	 0.015990891739256753 
40.39000000000001 	 0.019484326188094214 
40.46 	 0.022975193376407348 
40.53 	 0.02646307125334091 
40.6 	 0.029947538129451688 
40.67 	 0.03342817272769138 
40.74 	 0.03690455423433957 
40.81 	 0.04037626234988072 
40.88 	 0.043842877339818995 
40.95 	 0.04730398008542476 
41.02 	 0.05075915213440663 
41.09 	 0.05420797575150295 
41.160000000000004 	 0.0576500339689866 
41.230000000000004 	 0.061084910637077 
41.300000000000004 	 0.06451219047425319 
41.370000000000005 	 0.06793145911746196 
41.440000000000005 	 0.07134230317221497 
41.510000000000005 	 0.07474431026256874 
41.580000000000005 	 0.07813706908098145 
41.650000000000006 	 0.08152016943804062 
41.720000000000006 	 0.08489320231205566 
41.790000000000006 	 0.08825575989850909 
41.86000000000001 	 0.09160743565936076 
41.93000000000001 	 0.09494782437219887 
42.00000000000001 	 0.09827652217923191 
42.07000000000001 	 0.10159312663611567 
42.14000000000001 	 0.10489723676060934 
42.21 	 0.10818845308105485 
42.28 	 0.11146637768467352 
42.35 	 0.11473061426567435 
42.42 	 0.11798076817316791 
42.49 	 0.12121644645888023 
42.56 	 0.12443725792466077 
42.63 	 0.1276428131697789 
42.7 	 0.13083272463800297 
42.77 	 0.13400660666445638 
42.84 	 0.13716407552224508 
42.910000000000004 	 0.1403047494688507 
42.980000000000004 	 0.1434282487922837 
43.050000000000004 	 0.14653419585699118 
43.120000000000005 	 0.14962221514951352 
43.190000000000005 	 0.15269193332388445 
43.260000000000005 	 0.15574297924676922 
43.330000000000005 	 0.1587749840423351 
43.400000000000006 	 0.16178758113684888 
43.470000000000006 	 0.16478040630299642 
43.540000000000006 	 0.16775309770391802 
43.61000000000001 	 0.17070529593695513 
43.68000000000001 	 0.17363664407710264 
43.75000000000001 	 0.17654678772016155 
43.82000000000001 	 0.17943537502558704 
43.89000000000001 	 0.18230205675902647 
43.96000000000001 	 0.1851464863345423 
44.03 	 0.18796831985651483 
44.1 	 0.19076721616121964 
44.17 	 0.19354283685807486 
44.24 	 0.19629484637055303 
44.31 	 0.19902291197675273 
44.38 	 0.20172670384962527 
44.45 	 0.2044058950968511 
44.52 	 0.2070601618003616 
44.59 	 0.2096891830555014 
44.660000000000004 	 0.212292641009826 
44.730000000000004 	 0.21487022090153066 
44.800000000000004 	 0.2174216110975056 
44.870000000000005 	 0.21994650313101285 
44.940000000000005 	 0.22244459173898032 
45.010000000000005 	 0.22491557489890857 
45.080000000000005 	 0.22735915386538572 
45.150000000000006 	 0.22977503320620624 
45.220000000000006 	 0.23216292083808912 
45.290000000000006 	 0.23452252806199114 
45.36000000000001 	 0.23685356959801102 
45.43000000000001 	 0.23915576361988014 
45.50000000000001 	 0.2414288317890358 
45.57000000000001 	 0.24367249928827264 
45.64000000000001 	 0.24588649485496858 
45.71000000000001 	 0.24807055081388074 
45.78 	 0.25022440310950783 
45.85 	 0.2523477913380148 
45.92 	 0.2544404587787161 
45.99 	 0.25650215242511354 
46.06 	 0.258532623015485 
46.13 	 0.26053162506302086 
46.2 	 0.2624989168855033 
46.27 	 0.2644342606345264 
46.34 	 0.26633742232425217 
46.410000000000004 	 0.26820817185969975 
46.480000000000004 	 0.2700462830645643 
46.550000000000004 	 0.27185153370856197 
46.620000000000005 	 0.27362370553429793 
46.690000000000005 	 0.275362584283654 
46.760000000000005 	 0.2770679597236927 
46.830000000000005 	 0.27873962567207466 
46.900000000000006 	 0.28037738002198664 
46.970000000000006 	 0.28198102476657627 
47.040000000000006 	 0.2835503660228914 
47.11000000000001 	 0.2850852140553209 
47.18000000000001 	 0.28658538329853384 
47.25000000000001 	 0.2880506923799148 
47.32000000000001 	 0.28948096414149205 
47.39000000000001 	 0.29087602566135595 
47.46000000000001 	 0.29223570827456574 
47.53000000000001 	 0.29355984759354126 
47.6 	 0.2948482835279376 
47.67 	 0.29610086030400046 
47.74 	 0.2973174264833991 
47.81 	 0.2984978349815357 
47.88 	 0.299641943085328 
47.95 	 0.30074961247046356 
48.02 	 0.3018207092181233 
48.09 	 0.3028551038311726 
48.160000000000004 	 0.3038526712498175 
48.230000000000004 	 0.3048132908667249 
48.300000000000004 	 0.30573684654160366 
48.370000000000005 	 0.3066232266152468 
48.440000000000005 	 0.30747232392303075 
48.510000000000005 	 0.30828403580787184 
48.580000000000005 	 0.3090582641326377 
48.650000000000006 	 0.30979491529201225 
48.720000000000006 	 0.3104939002238127 
48.790000000000006 	 0.3111551344197571 
48.86000000000001 	 0.31177853793568183 
48.93000000000001 	 0.3123640354012067 
49.00000000000001 	 0.3129115560288475 
49.07000000000001 	 0.31342103362257423 
49.14000000000001 	 0.31389240658581424 
49.21000000000001 	 0.3143256179288995 
49.28000000000001 	 0.3147206152759567 
49.35 	 0.31507735087123934 
49.42 	 0.31539578158490184 
49.49 	 0.31567586891821364 
49.56 	 0.31591757900821404 
49.63 	 0.31612088263180615 
49.7 	 0.3162857552092899 
49.77 	 0.316412176807334 
49.84 	 0.3165001321413857 
49.910000000000004 	 0.31654961057751885 
49.980000000000004 	 0.31656060613371945 
50.050000000000004 	 0.31653311748060897 
50.120000000000005 	 0.316467147941605 
50.190000000000005 	 0.31636270549251966 
50.260000000000005 	 0.31621980276059486 
50.330000000000005 	 0.3160384570229761 
50.400000000000006 	 0.3158186902046235 
50.470000000000006 	 0.3155605288756609 
50.540000000000006 	 0.31526400424816364 
50.61000000000001 	 0.31492915217238493 
50.68000000000001 	 0.31455601313242154 
50.75000000000001 	 0.3141446322413191 
50.82000000000001 	 0.313695059235618 
50.89000000000001 	 0.31320734846934023 
50.96000000000001 	 0.31268155890741756 
51.03000000000001 	 0.312117754118563 
51.10000000000001 	 0.3115160022675851 
51.17 	 0.3108763761071465 
51.24 	 0.3101989529689685 
51.31 	 0.30948381475448106 
51.38 	 0.3087310479249212 
51.45 	 0.3079407434908793 
51.52 	 0.30711299700129624 
51.59 	 0.3062479085319111 
51.660000000000004 	 0.30534558267316186 
51.730000000000004 	 0.30440612851754045 
51.800000000000004 	 0.30342965964640317 
51.870000000000005 	 0.3024162941162385 
51.940000000000005 	 0.301366154444394 
52.010000000000005 	 0.3002793675942639 
52.080000000000005 	 0.29915606495993863 
52.150000000000006 	 0.2979963823503196 
52.220000000000006 	 0.29680045997269944 
52.290000000000006 	 0.2955684424158106 
52.36000000000001 	 0.29430047863234465 
52.43000000000001 	 0.2929967219209436 
52.50000000000001 	 0.2916573299076658 
52.57000000000001 	 0.2902824645269287 
52.64000000000001 	 0.2888722920019309 
52.71000000000001 	 0.2874269828245553 
52.78000000000001 	 0.2859467117347567 
52.85000000000001 	 0.2844316576994353 
52.92000000000001 	 0.28288200389079915 
52.99 	 0.28129793766421873 
53.06 	 0.27967965053557525 
53.13 	 0.2780273381581061 
53.2 	 0.2763412002987501 
53.27 	 0.27462144081399537 
53.34 	 0.27286826762523286 
53.410000000000004 	 0.2710818926936183 
53.480000000000004 	 0.26926253199444583 
53.550000000000004 	 0.2674104054910362 
53.620000000000005 	 0.26552573710814287 
53.690000000000005 	 0.26360875470487943 
53.760000000000005 	 0.26165969004717077 
53.830000000000005 	 0.2596787787797325 
53.900000000000006 	 0.257666260397581 
53.970000000000006 	 0.2556223782170783 
54.040000000000006 	 0.25354737934651456 
54.11000000000001 	 0.25144151465623255 
54.18000000000001 	 0.24930503874829693 
54.25000000000001 	 0.2471382099257125 
54.32000000000001 	 0.24494129016119506 
54.39000000000001 	 0.24271454506549844 
54.46000000000001 	 0.24045824385530187 
54.53000000000001 	 0.23817265932066126 
54.60000000000001 	 0.23585806779202848 
54.67000000000001 	 0.2335147491068426 
54.74 	 0.23114298657569726 
54.81 	 0.2287430669480878 
54.88 	 0.22631528037774298 
54.95 	 0.22385992038754499 
55.02 	 0.22137728383404204 
55.09 	 0.218867670871558 
55.160000000000004 	 0.21633138491590334 
55.230000000000004 	 0.2137687326076917 
55.300000000000004 	 0.21118002377526657 
55.370000000000005 	 0.20856557139724266 
55.440000000000005 	 0.2059256915646663 
55.510000000000005 	 0.2032607034427996 
55.580000000000005 	 0.2005709292325328 
55.650000000000006 	 0.19785669413142998 
55.720000000000006 	 0.19511832629441192 
55.790000000000006 	 0.19235615679408186 
55.86000000000001 	 0.1895705195806983 
55.93000000000001 	 0.18676175144179993 
56.00000000000001 	 0.1839301919614876 
56.07000000000001 	 0.18107618347936802 
56.14000000000001 	 0.17820007104916447 
56.21000000000001 	 0.17530220239699923 
56.28000000000001 	 0.17238292787935314 
56.35000000000001 	 0.16944260044070683 
56.42000000000001 	 0.16648157557086937 
56.49000000000001 	 0.16350021126199896 
56.56 	 0.16049886796532117 
56.63 	 0.1574779085475499 
56.7 	 0.15443769824701623 
56.77 	 0.1513786046295106 
56.84 	 0.14830099754384365 
56.910000000000004 	 0.14520524907713084 
56.980000000000004 	 0.14209173350980664 
57.050000000000004 	 0.13896082727037354 
57.120000000000005 	 0.13581290888989123 
57.190000000000005 	 0.1326483589562117 
57.260000000000005 	 0.12946756006796556 
57.330000000000005 	 0.1262708967883054 
57.400000000000006 	 0.12305875559841145 
57.470000000000006 	 0.11983152485076559 
57.540000000000006 	 0.11658959472219886 
57.61000000000001 	 0.11333335716671855 
57.68000000000001 	 0.1100632058681204 
57.75000000000001 	 0.10677953619239171 
57.82000000000001 	 0.10348274513991094 
57.89000000000001 	 0.10017323129744987 
57.96000000000001 	 0.09685139478998384 
58.03000000000001 	 0.09351763723231608 
58.10000000000001 	 0.09017236168052192 
58.17000000000001 	 0.08681597258321871 
58.24000000000001 	 0.08344887573266742 
58.31000000000001 	 0.08007147821571173 
58.38 	 0.0766841883645607 
58.45 	 0.0732874157074208 
58.52 	 0.06988157091898335 
58.59 	 0.06646706577077338 
58.660000000000004 	 0.06304431308136585 
58.730000000000004 	 0.059613726666475284 
58.800000000000004 	 0.056175721288924875 
58.870000000000005 	 0.05273071260850104 
58.940000000000005 	 0.04927911713169958 
59.010000000000005 	 0.04582135216136943 
59.080000000000005 	 0.04235783574626015 
59.150000000000006 	 0.03888898663047924 
59.220000000000006 	 0.03541522420286536 
59.290000000000006 	 0.03193696844628362 
59.36000000000001 	 0.028454639886849067 
59.43000000000001 	 0.024968659543084457 
59.50000000000001 	 0.021479448875018507 
59.57000000000001 	 0.017987429733230788 
59.64000000000001 	 0.014493024307849375 
59.71000000000001 	 0.010996655077507453 
59.78000000000001 	 0.007498744758265047 
59.85000000000001 	 0.003999716252502044 
59.92000000000001 	 0.0004999925977886869 
59.99000000000001 	 -0.0030000030842602756 
60.06000000000001 	 -0.0064998476391416 
60.13 	 -0.009999117930623535 
60.2 	 -0.013497390891903596 
60.27 	 -0.016994243576757953 
60.34 	 -0.02048925321067624 
60.410000000000004 	 -0.023981997241975583 
60.480000000000004 	 -0.027472053392887733 
60.550000000000004 	 -0.030958999710613028 
60.620000000000005 	 -0.03444241461833511 
60.690000000000005 	 -0.03792187696619015 
60.760000000000005 	 -0.041396966082184496 
60.830000000000005 	 -0.0448672618230545 
60.900000000000006 	 -0.04833234462506245 
60.970000000000006 	 -0.05179179555472243 
61.040000000000006 	 -0.055245196359449966 
61.11000000000001 	 -0.05869212951812939 
61.18000000000001 	 -0.06213217829159272 
61.25000000000001 	 -0.06556492677300403 
61.32000000000001 	 -0.06898995993814318 
61.39000000000001 	 -0.07240686369558286 
61.46000000000001 	 -0.0758152249367528 
61.53000000000001 	 -0.07921463158588525 
61.60000000000001 	 -0.08260467264983545 
61.67000000000001 	 -0.08598493826777139 
61.74000000000001 	 -0.08935501976072645 
61.81000000000001 	 -0.09271450968100939 
61.88000000000001 	 -0.0960630018614653 
61.95 	 -0.0994000914645818 
62.02 	 -0.1027253750314345 
62.09 	 -0.10603845053046573 
62.160000000000004 	 -0.10933891740609077 
62.230000000000004 	 -0.11262637662712552 
62.300000000000004 	 -0.11590043073503005 
62.370000000000005 	 -0.11916068389196184 
62.440000000000005 	 -0.12240674192863316 
62.510000000000005 	 -0.12563821239196668 
62.580000000000005 	 -0.12885470459254367 
62.650000000000006 	 -0.13205582965183882 
62.720000000000006 	 -0.1352412005492363 
62.790000000000006 	 -0.13841043216882107 
62.86000000000001 	 -0.14156314134593997 
62.93000000000001 	 -0.1446989469135268 
63.00000000000001 	 -0.1478174697481861 
63.07000000000001 	 -0.15091833281602957 
63.14000000000001 	 -0.15400116121826007 
63.21000000000001 	 -0.1570655822364975 
63.28000000000001 	 -0.16011122537784084 
63.35000000000001 	 -0.16313772241966137 
63.42000000000001 	 -0.16614470745412133 
63.49000000000001 	 -0.1691318169324126 
63.56000000000001 	 -0.1720986897087104 
63.63000000000001 	 -0.1750449670838362 
63.7 	 -0.17797029284862514 
63.77 	 -0.18087431332699208 
63.84 	 -0.1837566774186916 
63.910000000000004 	 -0.1866170366417665 
63.980000000000004 	 -0.1894550451746798 
64.05 	 -0.19227035989812508 
64.12 	 -0.1950626404365101 
64.19 	 -0.19783154919910856 
64.26 	 -0.2005767514208755 
64.33 	 -0.20329791520292073 
64.4 	 -0.205994711552636 
64.47 	 -0.20866681442347054 
64.54 	 -0.2113139007543507 
64.61 	 -0.21393565050873836 
64.67999999999999 	 -0.21653174671332395 
64.75 	 -0.21910187549634885 
64.82 	 -0.22164572612555303 
64.89 	 -0.22416299104574292 
64.96 	 -0.22665336591597543 
65.03 	 -0.22911654964635306 
65.1 	 -0.23155224443442615 
65.17 	 -0.2339601558011977 
65.24 	 -0.23633999262672617 
65.31 	 -0.2386914671853224 
65.38 	 -0.24101429518033599 
65.45 	 -0.24330819577852728 
65.52 	 -0.24557289164402032 
65.59 	 -0.24780810897183336 
65.66 	 -0.25001357752098213 
65.73 	 -0.2521890306471525 
65.8 	 -0.2543342053349379 
65.87 	 -0.2564488422296386 
65.94 	 -0.25853268566861787 
66.01 	 -0.2605854837122119 
66.08 	 -0.26260698817418987 
66.15 	 -0.2645969546517598 
66.22 	 -0.2665551425551174 
66.29 	 -0.26848131513653356 
66.36 	 -0.27037523951897763 
66.42999999999999 	 -0.2722366867242725 
66.5 	 -0.2740654317007783 
66.57 	 -0.27586125335060174 
66.64 	 -0.2776239345563269 
66.71 	 -0.27935326220726514 
66.78 	 -0.2810490272252205 
66.85 	 -0.2827110245897676 
66.92 	 -0.2843390533630387 
66.99 	 -0.28593291671401766 
67.06 	 -0.2874924219423368 
67.13 	 -0.28901738050157494 
67.2 	 -0.29050760802205267 
67.27 	 -0.29196292433312315 
67.34 	 -0.29338315348495486 
67.41 	 -0.29476812376980416 
67.48 	 -0.29611766774277504 
67.55 	 -0.29743162224206354 
67.62 	 -0.2987098284086841 
67.69 	 -0.2999521317056759 
67.76 	 -0.30115838193678673 
67.83 	 -0.30232843326463166 
67.9 	 -0.3034621442283252 
67.97 	 -0.304559377760584 
68.04 	 -0.3056200012042987 
68.11 	 -0.3066438863285721 
68.17999999999999 	 -0.30763090934422255 
68.25 	 -0.3085809509187503 
68.32 	 -0.30949389619076495 
68.39 	 -0.31036963478387225 
68.46 	 -0.311208060820019 
68.53 	 -0.3120090729322936 
68.6 	 -0.31277257427718147 
68.67 	 -0.3134984725462739 
68.74 	 -0.3141866799774279 
68.81 	 -0.31483711336537684 
68.88 	 -0.3154496940717903 
68.95 	 -0.3160243480347813 
69.02 	 -0.31656100577786067 
69.09 	 -0.3170596024183367 
69.16 	 -0.31752007767515966 
69.23 	 -0.3179423758762099 
69.3 	 -0.3183264459650285 
69.37 	 -0.3186722415069904 
69.44 	 -0.31897972069491803 
69.51 	 -0.31924884635413603 
69.58 	 -0.31947958594696585 
69.65 	 -0.3196719115766594 
69.72 	 -0.31982579999077193 
69.79 	 -0.3199412325839732 
69.86 	 -0.32001819540029697 
69.93 	 -0.3200566791348282 
70.0 	 -0.3200566791348282 
