0.0 	 1.0 
7.007007007007008e-05 	 1.0 
0.00014014014014014016 	 1.0 
0.00021021021021021025 	 1.0 
0.0002802802802802803 	 1.0 
0.0003503503503503504 	 1.0 
0.0004204204204204205 	 1.0 
0.0004904904904904906 	 1.0 
0.0005605605605605606 	 1.0 
0.0006306306306306307 	 1.0 
0.0007007007007007008 	 1.0 
0.0007707707707707708 	 1.0 
0.000840840840840841 	 1.0 
0.0009109109109109111 	 1.0 
0.0009809809809809811 	 1.0 
0.001051051051051051 	 1.0 
0.0011211211211211213 	 1.0 
0.0011911911911911914 	 1.0 
0.0012612612612612614 	 1.0 
0.0013313313313313316 	 1.0 
0.0014014014014014015 	 1.0 
0.0014714714714714717 	 1.0 
0.0015415415415415416 	 1.0 
0.0016116116116116118 	 1.0 
0.001681681681681682 	 1.0 
0.001751751751751752 	 1.0 
0.0018218218218218221 	 1.0 
0.001891891891891892 	 1.0 
0.0019619619619619623 	 1.0 
0.0020320320320320324 	 1.0 
0.002102102102102102 	 1.0 
0.0021721721721721723 	 1.0 
0.0022422422422422425 	 1.0 
0.0023123123123123127 	 1.0 
0.002382382382382383 	 1.0 
0.0024524524524524526 	 1.0 
0.0025225225225225228 	 1.0 
0.002592592592592593 	 1.0 
0.002662662662662663 	 1.0 
0.002732732732732733 	 1.0 
0.002802802802802803 	 1.0 
0.002872872872872873 	 1.0 
0.0029429429429429434 	 1.0 
0.0030130130130130136 	 1.0 
0.0030830830830830833 	 1.0 
0.0031531531531531535 	 1.0 
0.0032232232232232236 	 1.0 
0.003293293293293294 	 1.0 
0.003363363363363364 	 1.0 
0.0034334334334334337 	 1.0 
0.003503503503503504 	 1.0 
0.003573573573573574 	 1.0 
0.0036436436436436443 	 1.0 
0.003713713713713714 	 1.0 
0.003783783783783784 	 1.0 
0.0038538538538538543 	 1.0 
0.0039239239239239245 	 1.0 
0.003993993993993994 	 1.0 
0.004064064064064065 	 1.0 
0.004134134134134135 	 1.0 
0.004204204204204204 	 1.0 
0.004274274274274275 	 1.0 
0.004344344344344345 	 1.0 
0.004414414414414415 	 1.0 
0.004484484484484485 	 1.0 
0.004554554554554555 	 1.0 
0.004624624624624625 	 1.0 
0.004694694694694695 	 1.0 
0.004764764764764766 	 1.0 
0.0048348348348348355 	 1.0 
0.004904904904904905 	 1.0 
0.004974974974974976 	 1.0 
0.0050450450450450456 	 1.0 
0.005115115115115116 	 1.0 
0.005185185185185186 	 1.0 
0.005255255255255256 	 1.0 
0.005325325325325326 	 1.0 
0.005395395395395396 	 1.0 
0.005465465465465466 	 1.0 
0.005535535535535536 	 1.0 
0.005605605605605606 	 1.0 
0.005675675675675677 	 1.0 
0.005745745745745746 	 1.0 
0.005815815815815816 	 1.0 
0.005885885885885887 	 1.0 
0.0059559559559559565 	 1.0 
0.006026026026026027 	 1.0 
0.006096096096096097 	 1.0 
0.006166166166166167 	 1.0 
0.006236236236236237 	 1.0 
0.006306306306306307 	 0.11894571095232442 
0.0063763763763763776 	 0.11894571095232442 
0.006446446446446447 	 0.11894571095232442 
0.006516516516516517 	 0.11894571095232442 
0.006586586586586588 	 0.11894571095232442 
0.006656656656656657 	 0.11894571095232442 
0.006726726726726728 	 0.11894571095232442 
0.006796796796796798 	 0.11894571095232442 
0.0068668668668668675 	 0.11894571095232442 
0.006936936936936938 	 0.11894571095232442 
0.007007007007007008 	 0.11894571095232442 
0.0070770770770770776 	 0.11894571095232442 
0.007147147147147148 	 0.11894571095232442 
0.007217217217217218 	 0.11894571095232442 
0.0072872872872872885 	 0.11894571095232442 
0.007357357357357358 	 0.11894571095232442 
0.007427427427427428 	 0.11894571095232442 
0.007497497497497499 	 0.11894571095232442 
0.007567567567567568 	 0.11894571095232442 
0.007637637637637639 	 0.11894571095232442 
0.007707707707707709 	 0.11894571095232442 
0.007777777777777778 	 0.11894571095232442 
0.007847847847847849 	 0.11894571095232442 
0.007917917917917919 	 0.11894571095232442 
0.007987987987987989 	 0.11894571095232442 
0.008058058058058058 	 0.11894571095232442 
0.00812812812812813 	 0.11894571095232442 
0.0081981981981982 	 0.11894571095232442 
0.00826826826826827 	 0.11894571095232442 
0.008338338338338339 	 0.11894571095232442 
0.008408408408408409 	 0.11894571095232442 
0.00847847847847848 	 0.11894571095232442 
0.00854854854854855 	 0.11894571095232442 
0.00861861861861862 	 0.11894571095232442 
0.00868868868868869 	 0.11894571095232442 
0.008758758758758759 	 0.11894571095232442 
0.00882882882882883 	 0.11894571095232442 
0.0088988988988989 	 0.11894571095232442 
0.00896896896896897 	 0.11894571095232442 
0.00903903903903904 	 0.11894571095232442 
0.00910910910910911 	 0.11894571095232442 
0.009179179179179181 	 0.11894571095232442 
0.00924924924924925 	 0.11894571095232442 
0.00931931931931932 	 0.11894571095232442 
0.00938938938938939 	 0.11894571095232442 
0.00945945945945946 	 0.11894571095232442 
0.009529529529529531 	 0.11894571095232442 
0.009599599599599601 	 0.11894571095232442 
0.009669669669669671 	 0.11894571095232442 
0.00973973973973974 	 0.11894571095232442 
0.00980980980980981 	 0.11894571095232442 
0.009879879879879882 	 0.11894571095232442 
0.009949949949949952 	 0.11894571095232442 
0.010020020020020021 	 0.11894571095232442 
0.010090090090090091 	 0.11894571095232442 
0.01016016016016016 	 0.11894571095232442 
0.010230230230230232 	 0.11894571095232442 
0.010300300300300302 	 0.11894571095232442 
0.010370370370370372 	 0.11894571095232442 
0.010440440440440442 	 0.11894571095232442 
0.010510510510510511 	 0.11894571095232442 
0.010580580580580581 	 0.11894571095232442 
0.010650650650650653 	 0.11894571095232442 
0.010720720720720722 	 0.11894571095232442 
0.010790790790790792 	 0.11894571095232442 
0.010860860860860862 	 0.11894571095232442 
0.010930930930930931 	 0.11894571095232442 
0.011001001001001003 	 0.11894571095232442 
0.011071071071071073 	 0.11894571095232442 
0.011141141141141142 	 0.11894571095232442 
0.011211211211211212 	 0.11894571095232442 
0.011281281281281282 	 1.0 
0.011351351351351353 	 1.0 
0.011421421421421423 	 1.0 
0.011491491491491493 	 1.0 
0.011561561561561563 	 1.0 
0.011631631631631632 	 1.0 
0.011701701701701704 	 1.0 
0.011771771771771774 	 1.0 
0.011841841841841843 	 1.0 
0.011911911911911913 	 1.0 
0.011981981981981983 	 1.0 
0.012052052052052054 	 1.0 
0.012122122122122124 	 1.0 
0.012192192192192194 	 1.0 
0.012262262262262263 	 1.0 
0.012332332332332333 	 1.0 
0.012402402402402405 	 1.0 
0.012472472472472474 	 1.0 
0.012542542542542544 	 1.0 
0.012612612612612614 	 1.0 
0.012682682682682684 	 1.0 
0.012752752752752755 	 1.0 
0.012822822822822825 	 1.0 
0.012892892892892895 	 1.0 
0.012962962962962964 	 1.0 
0.013033033033033034 	 1.0 
0.013103103103103106 	 1.0 
0.013173173173173175 	 1.0 
0.013243243243243245 	 1.0 
0.013313313313313315 	 1.0 
0.013383383383383384 	 1.0 
0.013453453453453456 	 1.0 
0.013523523523523526 	 1.0 
0.013593593593593595 	 1.0 
0.013663663663663665 	 1.0 
0.013733733733733735 	 1.0 
0.013803803803803805 	 1.0 
0.013873873873873876 	 1.0 
0.013943943943943946 	 1.0 
0.014014014014014016 	 1.0 
0.014084084084084085 	 1.0 
0.014154154154154155 	 1.0 
0.014224224224224227 	 1.0 
0.014294294294294296 	 1.0 
0.014364364364364366 	 1.0 
0.014434434434434436 	 1.0 
0.014504504504504506 	 1.0 
0.014574574574574577 	 1.0 
0.014644644644644647 	 1.0 
0.014714714714714716 	 1.0 
0.014784784784784786 	 1.0 
0.014854854854854856 	 1.0 
0.014924924924924927 	 1.0 
0.014994994994994997 	 1.0 
0.015065065065065067 	 1.0 
0.015135135135135137 	 1.0 
0.015205205205205206 	 1.0 
0.015275275275275278 	 1.0 
0.015345345345345348 	 1.0 
0.015415415415415417 	 1.0 
0.015485485485485487 	 1.0 
0.015555555555555557 	 1.0 
0.01562562562562563 	 1.0 
0.015695695695695698 	 1.0 
0.015765765765765768 	 1.0 
0.015835835835835838 	 1.0 
0.015905905905905907 	 1.0 
0.015975975975975977 	 1.0 
0.016046046046046047 	 1.0 
0.016116116116116116 	 1.0 
0.01618618618618619 	 1.0 
0.01625625625625626 	 1.0 
0.01632632632632633 	 1.0 
0.0163963963963964 	 1.0 
0.01646646646646647 	 1.0 
0.01653653653653654 	 1.0 
0.016606606606606608 	 1.0 
0.016676676676676678 	 1.0 
0.016746746746746748 	 1.0 
0.016816816816816817 	 1.0 
0.01688688688688689 	 1.0 
0.01695695695695696 	 1.0 
0.01702702702702703 	 1.0 
0.0170970970970971 	 1.0 
0.01716716716716717 	 1.0 
0.01723723723723724 	 1.0 
0.01730730730730731 	 1.0 
0.01737737737737738 	 1.0 
0.01744744744744745 	 1.0 
0.017517517517517518 	 1.0 
0.01758758758758759 	 1.0 
0.01765765765765766 	 1.0 
0.01772772772772773 	 1.0 
0.0177977977977978 	 1.0 
0.01786786786786787 	 1.0 
0.01793793793793794 	 1.0 
0.01800800800800801 	 1.0 
0.01807807807807808 	 1.0 
0.01814814814814815 	 1.0 
0.01821821821821822 	 1.0 
0.01828828828828829 	 1.0 
0.018358358358358362 	 1.0 
0.018428428428428432 	 1.0 
0.0184984984984985 	 1.0 
0.01856856856856857 	 1.0 
0.01863863863863864 	 1.0 
0.01870870870870871 	 1.0 
0.01877877877877878 	 1.0 
0.01884884884884885 	 1.0 
0.01891891891891892 	 1.0 
0.01898898898898899 	 1.0 
0.019059059059059063 	 1.0 
0.019129129129129133 	 1.0 
0.019199199199199202 	 1.0 
0.019269269269269272 	 1.0 
0.019339339339339342 	 1.0 
0.01940940940940941 	 1.0 
0.01947947947947948 	 1.0 
0.01954954954954955 	 1.0 
0.01961961961961962 	 1.0 
0.01968968968968969 	 1.0 
0.019759759759759764 	 1.0 
0.019829829829829834 	 1.0 
0.019899899899899903 	 1.0 
0.019969969969969973 	 1.0 
0.020040040040040043 	 1.0 
0.020110110110110112 	 1.0 
0.020180180180180182 	 1.0 
0.020250250250250252 	 1.0 
0.02032032032032032 	 1.0 
0.02039039039039039 	 1.0 
0.020460460460460465 	 1.0 
0.020530530530530534 	 1.0 
0.020600600600600604 	 1.0 
0.020670670670670674 	 1.0 
0.020740740740740744 	 1.0 
0.020810810810810813 	 1.0 
0.020880880880880883 	 1.0 
0.020950950950950953 	 1.0 
0.021021021021021023 	 1.0 
0.021091091091091092 	 1.0 
0.021161161161161162 	 1.0 
0.021231231231231235 	 1.0 
0.021301301301301305 	 1.0 
0.021371371371371375 	 1.0 
0.021441441441441444 	 1.0 
0.021511511511511514 	 1.0 
0.021581581581581584 	 1.0 
0.021651651651651654 	 1.0 
0.021721721721721723 	 1.0 
0.021791791791791793 	 1.0 
0.021861861861861863 	 1.0 
0.021931931931931936 	 1.0 
0.022002002002002006 	 1.0 
0.022072072072072076 	 1.0 
0.022142142142142145 	 1.0 
0.022212212212212215 	 1.0 
0.022282282282282285 	 1.0 
0.022352352352352355 	 1.0 
0.022422422422422424 	 1.0 
0.022492492492492494 	 1.0 
0.022562562562562564 	 1.0 
0.022632632632632637 	 1.0 
0.022702702702702707 	 1.0 
0.022772772772772776 	 1.0 
0.022842842842842846 	 1.0 
0.022912912912912916 	 1.0 
0.022982982982982986 	 1.0 
0.023053053053053055 	 1.0 
0.023123123123123125 	 1.0 
0.023193193193193195 	 1.0 
0.023263263263263265 	 1.0 
0.023333333333333338 	 1.0 
0.023403403403403408 	 1.0 
0.023473473473473477 	 1.0 
0.023543543543543547 	 1.0 
0.023613613613613617 	 1.0 
0.023683683683683687 	 1.0 
0.023753753753753756 	 1.0 
0.023823823823823826 	 1.0 
0.023893893893893896 	 1.0 
0.023963963963963966 	 1.0 
0.024034034034034035 	 1.0 
0.02410410410410411 	 1.0 
0.024174174174174178 	 1.0 
0.024244244244244248 	 1.0 
0.024314314314314318 	 1.0 
0.024384384384384387 	 1.0 
0.024454454454454457 	 1.0 
0.024524524524524527 	 1.0 
0.024594594594594597 	 1.0 
0.024664664664664666 	 1.0 
0.024734734734734736 	 1.0 
0.02480480480480481 	 1.0 
0.02487487487487488 	 1.0 
0.02494494494494495 	 1.0 
0.02501501501501502 	 1.0 
0.02508508508508509 	 1.0 
0.025155155155155158 	 1.0 
0.025225225225225228 	 1.0 
0.025295295295295298 	 1.0 
0.025365365365365367 	 1.0 
0.025435435435435437 	 1.0 
0.02550550550550551 	 1.0 
0.02557557557557558 	 1.0 
0.02564564564564565 	 1.0 
0.02571571571571572 	 1.0 
0.02578578578578579 	 1.0 
0.02585585585585586 	 1.0 
0.02592592592592593 	 1.0 
0.025995995995996 	 1.0 
0.026066066066066068 	 1.0 
0.026136136136136138 	 1.0 
0.02620620620620621 	 1.0 
0.02627627627627628 	 1.0 
0.02634634634634635 	 1.0 
0.02641641641641642 	 1.0 
0.02648648648648649 	 1.0 
0.02655655655655656 	 1.0 
0.02662662662662663 	 1.0 
0.0266966966966967 	 1.0 
0.02676676676676677 	 1.0 
0.02683683683683684 	 1.0 
0.026906906906906912 	 1.0 
0.02697697697697698 	 1.0 
0.02704704704704705 	 1.0 
0.02711711711711712 	 1.0 
0.02718718718718719 	 1.0 
0.02725725725725726 	 1.0 
0.02732732732732733 	 1.0 
0.0273973973973974 	 1.0 
0.02746746746746747 	 1.0 
0.02753753753753754 	 1.0 
0.02760760760760761 	 1.0 
0.027677677677677683 	 1.0 
0.027747747747747752 	 1.0 
0.027817817817817822 	 1.0 
0.027887887887887892 	 1.0 
0.02795795795795796 	 1.0 
0.02802802802802803 	 1.0 
0.0280980980980981 	 1.0 
0.02816816816816817 	 1.0 
0.02823823823823824 	 1.0 
0.02830830830830831 	 1.0 
0.028378378378378383 	 1.0 
0.028448448448448453 	 1.0 
0.028518518518518523 	 1.0 
0.028588588588588593 	 1.0 
0.028658658658658662 	 1.0 
0.028728728728728732 	 1.0 
0.028798798798798802 	 1.0 
0.02886886886886887 	 1.0 
0.02893893893893894 	 1.0 
0.02900900900900901 	 1.0 
0.029079079079079084 	 1.0 
0.029149149149149154 	 1.0 
0.029219219219219224 	 1.0 
0.029289289289289294 	 1.0 
0.029359359359359363 	 1.0 
0.029429429429429433 	 1.0 
0.029499499499499503 	 1.0 
0.029569569569569572 	 1.0 
0.029639639639639642 	 1.0 
0.029709709709709712 	 1.0 
0.029779779779779785 	 1.0 
0.029849849849849855 	 1.0 
0.029919919919919925 	 1.0 
0.029989989989989994 	 1.0 
0.030060060060060064 	 1.0 
0.030130130130130134 	 1.0 
0.030200200200200204 	 1.0 
0.030270270270270273 	 1.0 
0.030340340340340343 	 1.0 
0.030410410410410413 	 1.0 
0.030480480480480483 	 1.0 
0.030550550550550556 	 1.0 
0.030620620620620626 	 1.0 
0.030690690690690695 	 1.0 
0.030760760760760765 	 1.0 
0.030830830830830835 	 1.0 
0.030900900900900904 	 1.0 
0.030970970970970974 	 1.0 
0.031041041041041044 	 1.0 
0.031111111111111114 	 1.0 
0.031181181181181183 	 1.0 
0.03125125125125126 	 0.11894571095232442 
0.03132132132132132 	 0.11894571095232442 
0.031391391391391396 	 0.11894571095232442 
0.03146146146146146 	 0.11894571095232442 
0.031531531531531536 	 0.11894571095232442 
0.03160160160160161 	 0.11894571095232442 
0.031671671671671675 	 0.11894571095232442 
0.03174174174174175 	 0.11894571095232442 
0.031811811811811815 	 0.11894571095232442 
0.03188188188188189 	 0.11894571095232442 
0.031951951951951954 	 0.11894571095232442 
0.03202202202202203 	 0.11894571095232442 
0.032092092092092094 	 0.11894571095232442 
0.03216216216216217 	 0.11894571095232442 
0.03223223223223223 	 0.11894571095232442 
0.032302302302302306 	 0.11894571095232442 
0.03237237237237238 	 0.11894571095232442 
0.032442442442442446 	 0.11894571095232442 
0.03251251251251252 	 0.11894571095232442 
0.032582582582582585 	 0.11894571095232442 
0.03265265265265266 	 0.11894571095232442 
0.032722722722722725 	 0.11894571095232442 
0.0327927927927928 	 0.11894571095232442 
0.032862862862862864 	 0.11894571095232442 
0.03293293293293294 	 0.11894571095232442 
0.033003003003003004 	 0.11894571095232442 
0.03307307307307308 	 0.11894571095232442 
0.03314314314314315 	 0.11894571095232442 
0.033213213213213216 	 0.11894571095232442 
0.03328328328328329 	 0.11894571095232442 
0.033353353353353356 	 0.11894571095232442 
0.03342342342342343 	 0.11894571095232442 
0.033493493493493495 	 0.11894571095232442 
0.03356356356356357 	 0.11894571095232442 
0.033633633633633635 	 0.11894571095232442 
0.03370370370370371 	 0.11894571095232442 
0.03377377377377378 	 0.11894571095232442 
0.03384384384384385 	 0.11894571095232442 
0.03391391391391392 	 0.11894571095232442 
0.03398398398398399 	 0.11894571095232442 
0.03405405405405406 	 0.11894571095232442 
0.034124124124124126 	 0.11894571095232442 
0.0341941941941942 	 0.11894571095232442 
0.034264264264264266 	 0.11894571095232442 
0.03433433433433434 	 0.11894571095232442 
0.034404404404404405 	 0.11894571095232442 
0.03447447447447448 	 0.11894571095232442 
0.03454454454454455 	 0.11894571095232442 
0.03461461461461462 	 0.11894571095232442 
0.03468468468468469 	 0.11894571095232442 
0.03475475475475476 	 0.11894571095232442 
0.03482482482482483 	 0.11894571095232442 
0.0348948948948949 	 0.11894571095232442 
0.03496496496496497 	 0.11894571095232442 
0.035035035035035036 	 0.11894571095232442 
0.03510510510510511 	 0.11894571095232442 
0.03517517517517518 	 0.11894571095232442 
0.03524524524524525 	 0.11894571095232442 
0.03531531531531532 	 0.11894571095232442 
0.03538538538538539 	 0.11894571095232442 
0.03545545545545546 	 0.11894571095232442 
0.03552552552552553 	 0.11894571095232442 
0.0355955955955956 	 0.11894571095232442 
0.03566566566566567 	 0.11894571095232442 
0.03573573573573574 	 0.11894571095232442 
0.03580580580580581 	 0.11894571095232442 
0.03587587587587588 	 0.11894571095232442 
0.035945945945945953 	 0.11894571095232442 
0.03601601601601602 	 0.11894571095232442 
0.03608608608608609 	 0.11894571095232442 
0.03615615615615616 	 0.11894571095232442 
0.03622622622622623 	 0.11894571095232442 
0.0362962962962963 	 1.0 
0.03636636636636637 	 1.0 
0.03643643643643644 	 1.0 
0.03650650650650651 	 1.0 
0.03657657657657658 	 1.0 
0.03664664664664665 	 1.0 
0.036716716716716724 	 1.0 
0.03678678678678679 	 1.0 
0.036856856856856864 	 1.0 
0.03692692692692693 	 1.0 
0.036996996996997 	 1.0 
0.03706706706706707 	 1.0 
0.03713713713713714 	 1.0 
0.03720720720720721 	 1.0 
0.03727727727727728 	 1.0 
0.037347347347347355 	 1.0 
0.03741741741741742 	 1.0 
0.037487487487487495 	 1.0 
0.03755755755755756 	 1.0 
0.037627627627627634 	 1.0 
0.0376976976976977 	 1.0 
0.037767767767767774 	 1.0 
0.03783783783783784 	 1.0 
0.03790790790790791 	 1.0 
0.03797797797797798 	 1.0 
0.03804804804804805 	 1.0 
0.038118118118118126 	 1.0 
0.03818818818818819 	 1.0 
0.038258258258258265 	 1.0 
0.03832832832832833 	 1.0 
0.038398398398398405 	 1.0 
0.03846846846846847 	 1.0 
0.038538538538538544 	 1.0 
0.03860860860860861 	 1.0 
0.038678678678678684 	 1.0 
0.03874874874874876 	 1.0 
0.03881881881881882 	 1.0 
0.038888888888888896 	 1.0 
0.03895895895895896 	 1.0 
0.039029029029029036 	 1.0 
0.0390990990990991 	 1.0 
0.039169169169169175 	 1.0 
0.03923923923923924 	 1.0 
0.039309309309309315 	 1.0 
0.03937937937937938 	 1.0 
0.039449449449449454 	 1.0 
0.03951951951951953 	 1.0 
0.039589589589589594 	 1.0 
0.03965965965965967 	 1.0 
0.03972972972972973 	 1.0 
0.03979979979979981 	 1.0 
0.03986986986986987 	 1.0 
0.039939939939939946 	 1.0 
0.04001001001001001 	 1.0 
0.040080080080080085 	 1.0 
0.04015015015015015 	 1.0 
0.040220220220220225 	 1.0 
0.0402902902902903 	 1.0 
0.040360360360360364 	 1.0 
0.04043043043043044 	 1.0 
0.040500500500500504 	 1.0 
0.04057057057057058 	 1.0 
0.04064064064064064 	 1.0 
0.04071071071071072 	 1.0 
0.04078078078078078 	 1.0 
0.040850850850850856 	 1.0 
0.04092092092092093 	 1.0 
0.040990990990990996 	 1.0 
0.04106106106106107 	 1.0 
0.041131131131131135 	 1.0 
0.04120120120120121 	 1.0 
0.041271271271271275 	 1.0 
0.04134134134134135 	 1.0 
0.041411411411411414 	 1.0 
0.04148148148148149 	 1.0 
0.041551551551551553 	 1.0 
0.04162162162162163 	 1.0 
0.0416916916916917 	 1.0 
0.041761761761761766 	 1.0 
0.04183183183183184 	 1.0 
0.041901901901901906 	 1.0 
0.04197197197197198 	 1.0 
0.042042042042042045 	 1.0 
0.04211211211211212 	 1.0 
0.042182182182182185 	 1.0 
0.04225225225225226 	 1.0 
0.042322322322322324 	 1.0 
0.0423923923923924 	 1.0 
0.04246246246246247 	 1.0 
0.04253253253253254 	 1.0 
0.04260260260260261 	 1.0 
0.042672672672672676 	 1.0 
0.04274274274274275 	 1.0 
0.042812812812812816 	 1.0 
0.04288288288288289 	 1.0 
0.042952952952952955 	 1.0 
0.04302302302302303 	 1.0 
0.0430930930930931 	 1.0 
0.04316316316316317 	 1.0 
0.04323323323323324 	 1.0 
0.04330330330330331 	 1.0 
0.04337337337337338 	 1.0 
0.04344344344344345 	 1.0 
0.04351351351351352 	 1.0 
0.043583583583583586 	 1.0 
0.04365365365365366 	 1.0 
0.043723723723723726 	 1.0 
0.0437937937937938 	 1.0 
0.04386386386386387 	 1.0 
0.04393393393393394 	 1.0 
0.04400400400400401 	 1.0 
0.04407407407407408 	 1.0 
0.04414414414414415 	 1.0 
0.04421421421421422 	 1.0 
0.04428428428428429 	 1.0 
0.04435435435435436 	 1.0 
0.04442442442442443 	 1.0 
0.0444944944944945 	 1.0 
0.04456456456456457 	 1.0 
0.04463463463463464 	 1.0 
0.04470470470470471 	 1.0 
0.04477477477477478 	 1.0 
0.04484484484484485 	 1.0 
0.04491491491491492 	 1.0 
0.04498498498498499 	 1.0 
0.04505505505505506 	 1.0 
0.04512512512512513 	 1.0 
0.0451951951951952 	 1.0 
0.045265265265265274 	 1.0 
0.04533533533533534 	 1.0 
0.045405405405405413 	 1.0 
0.04547547547547548 	 1.0 
0.04554554554554555 	 1.0 
0.04561561561561562 	 1.0 
0.04568568568568569 	 1.0 
0.04575575575575576 	 1.0 
0.04582582582582583 	 1.0 
0.0458958958958959 	 1.0 
0.04596596596596597 	 1.0 
0.046036036036036045 	 1.0 
0.04610610610610611 	 1.0 
0.046176176176176184 	 1.0 
0.04624624624624625 	 1.0 
0.046316316316316324 	 1.0 
0.04638638638638639 	 1.0 
0.04645645645645646 	 1.0 
0.04652652652652653 	 1.0 
0.0465965965965966 	 1.0 
0.046666666666666676 	 1.0 
0.04673673673673674 	 1.0 
0.046806806806806815 	 1.0 
0.04687687687687688 	 1.0 
0.046946946946946955 	 1.0 
0.04701701701701702 	 1.0 
0.047087087087087094 	 1.0 
0.04715715715715716 	 1.0 
0.047227227227227234 	 1.0 
0.0472972972972973 	 1.0 
0.04736736736736737 	 1.0 
0.047437437437437446 	 1.0 
0.04750750750750751 	 1.0 
0.047577577577577586 	 1.0 
0.04764764764764765 	 1.0 
0.047717717717717725 	 1.0 
0.04778778778778779 	 1.0 
0.047857857857857865 	 1.0 
0.04792792792792793 	 1.0 
0.047997997997998004 	 1.0 
0.04806806806806807 	 1.0 
0.048138138138138144 	 1.0 
0.04820820820820822 	 1.0 
0.04827827827827828 	 1.0 
0.048348348348348356 	 1.0 
0.04841841841841842 	 1.0 
0.048488488488488496 	 1.0 
0.04855855855855856 	 1.0 
0.048628628628628635 	 1.0 
0.0486986986986987 	 1.0 
0.048768768768768775 	 1.0 
0.04883883883883885 	 1.0 
0.048908908908908914 	 1.0 
0.04897897897897899 	 1.0 
0.049049049049049054 	 1.0 
0.04911911911911913 	 1.0 
0.04918918918918919 	 1.0 
0.049259259259259267 	 1.0 
0.04932932932932933 	 1.0 
0.049399399399399406 	 1.0 
0.04946946946946947 	 1.0 
0.049539539539539545 	 1.0 
0.04960960960960962 	 1.0 
0.049679679679679685 	 1.0 
0.04974974974974976 	 1.0 
0.049819819819819824 	 1.0 
0.0498898898898899 	 1.0 
0.049959959959959964 	 1.0 
0.05003003003003004 	 1.0 
0.0501001001001001 	 1.0 
0.05017017017017018 	 1.0 
0.05024024024024025 	 1.0 
0.050310310310310316 	 1.0 
0.05038038038038039 	 1.0 
0.050450450450450456 	 1.0 
0.05052052052052053 	 1.0 
0.050590590590590595 	 1.0 
0.05066066066066067 	 1.0 
0.050730730730730735 	 1.0 
0.05080080080080081 	 1.0 
0.050870870870870874 	 1.0 
0.05094094094094095 	 1.0 
0.05101101101101102 	 1.0 
0.05108108108108109 	 1.0 
0.05115115115115116 	 1.0 
0.051221221221221226 	 1.0 
0.0512912912912913 	 1.0 
0.051361361361361366 	 1.0 
0.05143143143143144 	 1.0 
0.051501501501501505 	 1.0 
0.05157157157157158 	 1.0 
0.051641641641641645 	 1.0 
0.05171171171171172 	 1.0 
0.05178178178178179 	 1.0 
0.05185185185185186 	 1.0 
0.05192192192192193 	 1.0 
0.051991991991992 	 1.0 
0.05206206206206207 	 1.0 
0.052132132132132136 	 1.0 
0.05220220220220221 	 1.0 
0.052272272272272276 	 1.0 
0.05234234234234235 	 1.0 
0.05241241241241242 	 1.0 
0.05248248248248249 	 1.0 
0.05255255255255256 	 1.0 
0.05262262262262263 	 1.0 
0.0526926926926927 	 1.0 
0.05276276276276277 	 1.0 
0.05283283283283284 	 1.0 
0.05290290290290291 	 1.0 
0.05297297297297298 	 1.0 
0.053043043043043046 	 1.0 
0.05311311311311312 	 1.0 
0.05318318318318319 	 1.0 
0.05325325325325326 	 1.0 
0.05332332332332333 	 1.0 
0.0533933933933934 	 1.0 
0.05346346346346347 	 1.0 
0.05353353353353354 	 1.0 
0.05360360360360361 	 1.0 
0.05367367367367368 	 1.0 
0.05374374374374375 	 1.0 
0.053813813813813824 	 1.0 
0.05388388388388389 	 1.0 
0.05395395395395396 	 1.0 
0.05402402402402403 	 1.0 
0.0540940940940941 	 1.0 
0.05416416416416417 	 1.0 
0.05423423423423424 	 1.0 
0.05430430430430431 	 1.0 
0.05437437437437438 	 1.0 
0.05444444444444445 	 1.0 
0.05451451451451452 	 1.0 
0.054584584584584595 	 1.0 
0.05465465465465466 	 1.0 
0.054724724724724734 	 1.0 
0.0547947947947948 	 1.0 
0.05486486486486487 	 1.0 
0.05493493493493494 	 1.0 
0.05500500500500501 	 1.0 
0.05507507507507508 	 1.0 
0.05514514514514515 	 1.0 
0.05521521521521522 	 1.0 
0.05528528528528529 	 1.0 
0.055355355355355365 	 1.0 
0.05542542542542543 	 1.0 
0.055495495495495505 	 1.0 
0.05556556556556557 	 1.0 
0.055635635635635644 	 1.0 
0.05570570570570571 	 1.0 
0.055775775775775784 	 1.0 
0.05584584584584585 	 1.0 
0.05591591591591592 	 1.0 
0.055985985985985996 	 1.0 
0.05605605605605606 	 1.0 
0.056126126126126136 	 1.0 
0.0561961961961962 	 1.0 
0.056266266266266275 	 0.11894571095232442 
0.05633633633633634 	 0.11894571095232442 
0.056406406406406415 	 0.11894571095232442 
0.05647647647647648 	 0.11894571095232442 
0.056546546546546554 	 0.11894571095232442 
0.05661661661661662 	 0.11894571095232442 
0.056686686686686694 	 0.11894571095232442 
0.05675675675675677 	 0.11894571095232442 
0.05682682682682683 	 0.11894571095232442 
0.056896896896896906 	 0.11894571095232442 
0.05696696696696697 	 0.11894571095232442 
0.057037037037037046 	 0.11894571095232442 
0.05710710710710711 	 0.11894571095232442 
0.057177177177177185 	 0.11894571095232442 
0.05724724724724725 	 0.11894571095232442 
0.057317317317317325 	 0.11894571095232442 
0.05738738738738739 	 0.11894571095232442 
0.057457457457457464 	 0.11894571095232442 
0.05752752752752754 	 0.11894571095232442 
0.057597597597597604 	 0.11894571095232442 
0.05766766766766768 	 0.11894571095232442 
0.05773773773773774 	 0.11894571095232442 
0.057807807807807816 	 0.11894571095232442 
0.05787787787787788 	 0.11894571095232442 
0.057947947947947956 	 0.11894571095232442 
0.05801801801801802 	 0.11894571095232442 
0.058088088088088095 	 0.11894571095232442 
0.05815815815815817 	 0.11894571095232442 
0.058228228228228235 	 0.11894571095232442 
0.05829829829829831 	 0.11894571095232442 
0.058368368368368374 	 0.11894571095232442 
0.05843843843843845 	 0.11894571095232442 
0.058508508508508514 	 0.11894571095232442 
0.05857857857857859 	 0.11894571095232442 
0.05864864864864865 	 0.11894571095232442 
0.058718718718718727 	 0.11894571095232442 
0.05878878878878879 	 0.11894571095232442 
0.058858858858858866 	 0.11894571095232442 
0.05892892892892894 	 0.11894571095232442 
0.058998998998999005 	 0.11894571095232442 
0.05906906906906908 	 0.11894571095232442 
0.059139139139139145 	 0.11894571095232442 
0.05920920920920922 	 0.11894571095232442 
0.059279279279279284 	 0.11894571095232442 
0.05934934934934936 	 0.11894571095232442 
0.059419419419419424 	 0.11894571095232442 
0.0594894894894895 	 0.11894571095232442 
0.05955955955955957 	 0.11894571095232442 
0.05962962962962964 	 0.11894571095232442 
0.05969969969969971 	 0.11894571095232442 
0.059769769769769776 	 0.11894571095232442 
0.05983983983983985 	 0.11894571095232442 
0.059909909909909916 	 0.11894571095232442 
0.05997997997997999 	 0.11894571095232442 
0.060050050050050055 	 0.11894571095232442 
0.06012012012012013 	 0.11894571095232442 
0.060190190190190195 	 0.11894571095232442 
0.06026026026026027 	 0.11894571095232442 
0.06033033033033034 	 0.11894571095232442 
0.06040040040040041 	 0.11894571095232442 
0.06047047047047048 	 0.11894571095232442 
0.06054054054054055 	 0.11894571095232442 
0.06061061061061062 	 0.11894571095232442 
0.060680680680680686 	 0.11894571095232442 
0.06075075075075076 	 0.11894571095232442 
0.060820820820820826 	 0.11894571095232442 
0.0608908908908909 	 0.11894571095232442 
0.060960960960960965 	 0.11894571095232442 
0.06103103103103104 	 0.11894571095232442 
0.06110110110110111 	 0.11894571095232442 
0.06117117117117118 	 0.11894571095232442 
0.06124124124124125 	 0.11894571095232442 
0.06131131131131132 	 1.0 
0.06138138138138139 	 1.0 
0.06145145145145146 	 1.0 
0.06152152152152153 	 1.0 
0.061591591591591596 	 1.0 
0.06166166166166167 	 1.0 
0.06173173173173174 	 1.0 
0.06180180180180181 	 1.0 
0.06187187187187188 	 1.0 
0.06194194194194195 	 1.0 
0.06201201201201202 	 1.0 
0.06208208208208209 	 1.0 
0.06215215215215216 	 1.0 
0.06222222222222223 	 1.0 
0.0622922922922923 	 1.0 
0.06236236236236237 	 1.0 
0.06243243243243244 	 1.0 
0.06250250250250251 	 1.0 
0.06257257257257258 	 1.0 
0.06264264264264265 	 1.0 
0.06271271271271273 	 1.0 
0.06278278278278279 	 1.0 
0.06285285285285286 	 1.0 
0.06292292292292292 	 1.0 
0.062992992992993 	 1.0 
0.06306306306306307 	 1.0 
0.06313313313313314 	 1.0 
0.06320320320320322 	 1.0 
0.06327327327327328 	 1.0 
0.06334334334334335 	 1.0 
0.06341341341341342 	 1.0 
0.0634834834834835 	 1.0 
0.06355355355355356 	 1.0 
0.06362362362362363 	 1.0 
0.0636936936936937 	 1.0 
0.06376376376376378 	 1.0 
0.06383383383383384 	 1.0 
0.06390390390390391 	 1.0 
0.06397397397397399 	 1.0 
0.06404404404404405 	 1.0 
0.06411411411411412 	 1.0 
0.06418418418418419 	 1.0 
0.06425425425425427 	 1.0 
0.06432432432432433 	 1.0 
0.0643943943943944 	 1.0 
0.06446446446446447 	 1.0 
0.06453453453453455 	 1.0 
0.06460460460460461 	 1.0 
0.06467467467467468 	 1.0 
0.06474474474474476 	 1.0 
0.06481481481481483 	 1.0 
0.06488488488488489 	 1.0 
0.06495495495495496 	 1.0 
0.06502502502502504 	 1.0 
0.0650950950950951 	 1.0 
0.06516516516516517 	 1.0 
0.06523523523523524 	 1.0 
0.06530530530530532 	 1.0 
0.06537537537537538 	 1.0 
0.06544544544544545 	 1.0 
0.06551551551551553 	 1.0 
0.0655855855855856 	 1.0 
0.06565565565565566 	 1.0 
0.06572572572572573 	 1.0 
0.06579579579579581 	 1.0 
0.06586586586586587 	 1.0 
0.06593593593593594 	 1.0 
0.06600600600600601 	 1.0 
0.06607607607607609 	 1.0 
0.06614614614614615 	 1.0 
0.06621621621621622 	 1.0 
0.0662862862862863 	 1.0 
0.06635635635635637 	 1.0 
0.06642642642642643 	 1.0 
0.0664964964964965 	 1.0 
0.06656656656656658 	 1.0 
0.06663663663663665 	 1.0 
0.06670670670670671 	 1.0 
0.06677677677677679 	 1.0 
0.06684684684684686 	 1.0 
0.06691691691691692 	 1.0 
0.06698698698698699 	 1.0 
0.06705705705705707 	 1.0 
0.06712712712712714 	 1.0 
0.0671971971971972 	 1.0 
0.06726726726726727 	 1.0 
0.06733733733733735 	 1.0 
0.06740740740740742 	 1.0 
0.06747747747747748 	 1.0 
0.06754754754754756 	 1.0 
0.06761761761761763 	 1.0 
0.0676876876876877 	 1.0 
0.06775775775775776 	 1.0 
0.06782782782782784 	 1.0 
0.06789789789789791 	 1.0 
0.06796796796796797 	 1.0 
0.06803803803803804 	 1.0 
0.06810810810810812 	 1.0 
0.06817817817817819 	 1.0 
0.06824824824824825 	 1.0 
0.06831831831831833 	 1.0 
0.0683883883883884 	 1.0 
0.06845845845845847 	 1.0 
0.06852852852852853 	 1.0 
0.06859859859859861 	 1.0 
0.06866866866866868 	 1.0 
0.06873873873873874 	 1.0 
0.06880880880880881 	 1.0 
0.06887887887887889 	 1.0 
0.06894894894894896 	 1.0 
0.06901901901901902 	 1.0 
0.0690890890890891 	 1.0 
0.06915915915915917 	 1.0 
0.06922922922922924 	 1.0 
0.0692992992992993 	 1.0 
0.06936936936936938 	 1.0 
0.06943943943943945 	 1.0 
0.06950950950950952 	 1.0 
0.06957957957957958 	 1.0 
0.06964964964964966 	 1.0 
0.06971971971971973 	 1.0 
0.0697897897897898 	 1.0 
0.06985985985985987 	 1.0 
0.06992992992992994 	 1.0 
0.07 	 1.0 
