0.0 	 0.0 
0.07007007007007007 	 -0.009342676009342906 
0.14014014014014015 	 -0.018685352018685247 
0.21021021021021022 	 -0.028028028028028153 
0.2802802802802803 	 -0.03737070403737049 
0.35035035035035034 	 -0.0467133800467134 
0.42042042042042044 	 -0.056056056056056305 
0.49049049049049054 	 -0.06539873206539865 
0.5605605605605606 	 -0.07474140807474156 
0.6306306306306306 	 -0.0840840840840839 
0.7007007007007007 	 -0.0934267600934268 
0.7707707707707708 	 -0.10276943610276972 
0.8408408408408409 	 -0.11211211211211206 
0.9109109109109109 	 -0.12145478812145495 
0.9809809809809811 	 -0.1307974641307973 
1.0510510510510511 	 -0.1401401401401402 
1.1211211211211212 	 -0.1494828161494831 
1.1911911911911912 	 -0.15882549215882547 
1.2612612612612613 	 -0.1681681681681678 
1.3313313313313313 	 -0.1775108441775107 
1.4014014014014013 	 -0.1868535201868536 
1.4714714714714716 	 -0.19619619619619652 
1.5415415415415417 	 -0.20553887220553885 
1.6116116116116117 	 -0.2148815482148812 
1.6816816816816818 	 -0.2242242242242241 
1.7517517517517518 	 -0.23356690023356702 
1.8218218218218218 	 -0.2429095762429099 
1.8918918918918919 	 -0.2522522522522523 
1.9619619619619622 	 -0.2615949282615946 
2.032032032032032 	 -0.2709376042709375 
2.1021021021021022 	 -0.2802802802802804 
2.1721721721721723 	 -0.2896229562896233 
2.2422422422422423 	 -0.29896563229896567 
2.3123123123123124 	 -0.308308308308308 
2.3823823823823824 	 -0.31765098431765093 
2.4524524524524525 	 -0.32699366032699384 
2.5225225225225225 	 -0.33633633633633614 
2.5925925925925926 	 -0.34567901234567905 
2.6626626626626626 	 -0.3550216883550214 
2.7327327327327327 	 -0.3643643643643643 
2.8028028028028027 	 -0.3737070403737072 
2.872872872872873 	 -0.3830497163830496 
2.9429429429429432 	 -0.3923923923923925 
3.0130130130130133 	 -0.4017350684017348 
3.0830830830830833 	 -0.4110777444110777 
3.1531531531531534 	 -0.4204204204204206 
3.2232232232232234 	 -0.42976309642976296 
3.2932932932932935 	 -0.43910577243910587 
3.3633633633633635 	 -0.4484484484484482 
3.4334334334334335 	 -0.45779112445779113 
3.5035035035035036 	 -0.46713380046713404 
3.5735735735735736 	 -0.47647647647647634 
3.6436436436436437 	 -0.48581915248581925 
3.7137137137137137 	 -0.4951618284951616 
3.7837837837837838 	 -0.5045045045045046 
3.853853853853854 	 -0.5138471805138474 
3.9239239239239243 	 -0.5231898565231897 
3.9939939939939944 	 -0.5325325325325326 
4.064064064064064 	 -0.541875208541875 
4.134134134134134 	 -0.5512178845512179 
4.2042042042042045 	 -0.5605605605605608 
4.2742742742742745 	 -0.5699032365699032 
4.344344344344345 	 -0.5792459125792461 
4.414414414414415 	 -0.5885885885885884 
4.484484484484485 	 -0.5979312645979313 
4.554554554554555 	 -0.6072739406072742 
4.624624624624625 	 -0.6166166166166166 
4.694694694694695 	 -0.6259592926259595 
4.764764764764765 	 -0.6353019686353019 
4.834834834834835 	 -0.6446446446446448 
4.904904904904905 	 -0.6539873206539877 
4.974974974974975 	 -0.6633299966633299 
5.045045045045045 	 -0.6726726726726723 
5.115115115115115 	 -0.6820153486820152 
5.185185185185185 	 -0.6913580246913581 
5.255255255255255 	 -0.7007007007007005 
5.325325325325325 	 -0.7100433767100434 
5.395395395395395 	 -0.7193860527193857 
5.465465465465465 	 -0.7287287287287286 
5.535535535535535 	 -0.7380714047380715 
5.605605605605605 	 -0.7474140807474139 
5.675675675675676 	 -0.7567567567567568 
5.745745745745746 	 -0.7660994327660997 
5.815815815815816 	 -0.7754421087754421 
5.8858858858858865 	 -0.784784784784785 
5.9559559559559565 	 -0.7941274607941279 
6.0260260260260265 	 -0.8034701368034701 
6.096096096096097 	 -0.8128128128128125 
6.166166166166167 	 -0.8221554888221554 
6.236236236236237 	 -0.8314981648314983 
6.306306306306307 	 -0.8408408408408407 
6.376376376376377 	 -0.8501835168501836 
6.446446446446447 	 -0.8595261928595259 
6.516516516516517 	 -0.8688688688688688 
6.586586586586587 	 -0.8782115448782117 
6.656656656656657 	 -0.8875542208875541 
6.726726726726727 	 -0.896896896896897 
6.796796796796797 	 -0.9062395729062394 
6.866866866866867 	 -0.9155822489155823 
6.936936936936937 	 -0.9249249249249252 
7.007007007007007 	 -0.9342676009342675 
7.077077077077077 	 -0.9436102769436103 
7.147147147147147 	 -0.9529529529529527 
7.217217217217217 	 -0.9622956289622956 
7.287287287287287 	 -0.9716383049716385 
7.357357357357357 	 -0.9809809809809809 
7.4274274274274275 	 -0.9903236569903238 
7.4974974974974975 	 -0.9996663329996661 
7.5675675675675675 	 -0.990990990990991 
7.637637637637638 	 -0.9816483149816484 
7.707707707707708 	 -0.9723056389723057 
7.777777777777778 	 -0.9629629629629629 
7.847847847847849 	 -0.9536202869536202 
7.917917917917919 	 -0.9442776109442775 
7.987987987987989 	 -0.934934934934935 
8.058058058058059 	 -0.9255922589255922 
8.128128128128129 	 -0.9162495829162496 
8.198198198198199 	 -0.9069069069069069 
8.268268268268269 	 -0.8975642308975642 
8.338338338338339 	 -0.8882215548882215 
8.408408408408409 	 -0.8788788788788789 
8.478478478478479 	 -0.8695362028695361 
8.548548548548549 	 -0.8601935268601936 
8.618618618618619 	 -0.8508508508508509 
8.68868868868869 	 -0.8415081748415081 
8.75875875875876 	 -0.8321654988321655 
8.82882882882883 	 -0.8228228228228227 
8.8988988988989 	 -0.8134801468134801 
8.96896896896897 	 -0.8041374708041376 
9.03903903903904 	 -0.7947947947947948 
9.10910910910911 	 -0.7854521187854522 
9.17917917917918 	 -0.7761094427761095 
9.24924924924925 	 -0.7667667667667667 
9.31931931931932 	 -0.7574240907574241 
9.38938938938939 	 -0.7480814147480814 
9.45945945945946 	 -0.7387387387387387 
9.52952952952953 	 -0.729396062729396 
9.5995995995996 	 -0.7200533867200535 
9.66966966966967 	 -0.7107107107107109 
9.73973973973974 	 -0.7013680347013682 
9.80980980980981 	 -0.6920253586920253 
9.87987987987988 	 -0.6826826826826826 
9.94994994994995 	 -0.67334000667334 
10.02002002002002 	 -0.6639973306639975 
10.09009009009009 	 -0.6546546546546548 
10.16016016016016 	 -0.6453119786453119 
10.23023023023023 	 -0.6359693026359693 
10.3003003003003 	 -0.6266266266266267 
10.37037037037037 	 -0.617283950617284 
10.44044044044044 	 -0.6079412746079413 
10.51051051051051 	 -0.5985985985985988 
10.58058058058058 	 -0.589255922589256 
10.65065065065065 	 -0.5799132465799133 
10.72072072072072 	 -0.5705705705705706 
10.79079079079079 	 -0.561227894561228 
10.86086086086086 	 -0.5518852185518854 
10.93093093093093 	 -0.5425425425425427 
11.001001001001 	 -0.5331998665331998 
11.07107107107107 	 -0.5238571905238572 
11.14114114114114 	 -0.5145145145145147 
11.21121121121121 	 -0.505171838505172 
11.281281281281283 	 -0.4958291624958291 
11.351351351351353 	 -0.4864864864864864 
11.421421421421423 	 -0.4771438104771438 
11.491491491491493 	 -0.4678011344678009 
11.561561561561563 	 -0.45845845845845834 
11.631631631631633 	 -0.44911578244911565 
11.701701701701703 	 -0.4397731064397731 
11.771771771771773 	 -0.4304304304304304 
11.841841841841843 	 -0.4210877544210878 
11.911911911911913 	 -0.4117450784117449 
11.981981981981983 	 -0.4024024024024023 
12.052052052052053 	 -0.39305972639305964 
12.122122122122123 	 -0.38371705038371706 
12.192192192192193 	 -0.3743743743743744 
12.262262262262263 	 -0.3650316983650318 
12.332332332332333 	 -0.3556890223556889 
12.402402402402403 	 -0.3463463463463462 
12.472472472472473 	 -0.3370036703370036 
12.542542542542543 	 -0.32766099432766105 
12.612612612612613 	 -0.31831831831831836 
12.682682682682684 	 -0.30897564230897545 
12.752752752752754 	 -0.2996329662996329 
12.822822822822824 	 -0.2902902902902902 
12.892892892892894 	 -0.2809476142809476 
12.962962962962964 	 -0.2716049382716049 
13.033033033033034 	 -0.26226226226226235 
13.103103103103104 	 -0.25291958625291944 
13.173173173173174 	 -0.24357691024357686 
13.243243243243244 	 -0.23423423423423417 
13.313313313313314 	 -0.2248915582248916 
13.383383383383384 	 -0.2155488822155489 
13.453453453453454 	 -0.20620620620620633 
13.523523523523524 	 -0.19686353019686342 
13.593593593593594 	 -0.18752085418752085 
13.663663663663664 	 -0.17817817817817816 
13.733733733733734 	 -0.16883550216883558 
13.803803803803804 	 -0.1594928261594929 
13.873873873873874 	 -0.15015015015015032 
13.943943943943944 	 -0.1408074741408074 
14.014014014014014 	 -0.13146479813146472 
14.084084084084084 	 -0.12212212212212215 
14.154154154154154 	 -0.11277944611277957 
14.224224224224224 	 -0.10343677010343688 
14.294294294294295 	 -0.0940940940940943 
14.364364364364365 	 -0.0847514180847514 
14.434434434434435 	 -0.07540874207540871 
14.504504504504505 	 -0.06606606606606613 
14.574574574574575 	 -0.056723390056723444 
14.644644644644645 	 -0.04738071404738087 
14.714714714714715 	 -0.03803803803803829 
14.784784784784785 	 -0.02869536202869538 
14.854854854854855 	 -0.019352686019352694 
14.924924924924925 	 -0.010010010010010117 
14.994994994994995 	 -0.00066733400066743 
15.065065065065065 	 0.008675342008675146 
15.135135135135135 	 0.018018018018018056 
15.205205205205205 	 0.027360694027360744 
15.275275275275275 	 0.03670337003670321 
15.345345345345345 	 0.046046046046045896 
15.415415415415415 	 0.055388722055388584 
15.485485485485485 	 0.06473139806473127 
15.555555555555555 	 0.07407407407407418 
15.625625625625625 	 0.08341675008341665 
15.695695695695697 	 0.09275942609275956 
15.765765765765767 	 0.10210210210210224 
15.835835835835837 	 0.11144477811144493 
15.905905905905907 	 0.1207874541207874 
15.975975975975977 	 0.13013013013013008 
16.046046046046047 	 0.139472806139473 
16.116116116116117 	 0.14881548214881568 
16.186186186186188 	 0.15815815815815837 
16.256256256256258 	 0.16750083416750083 
16.326326326326328 	 0.17684351017684352 
16.396396396396398 	 0.1861861861861862 
16.466466466466468 	 0.19552886219552912 
16.536536536536538 	 0.20487153820487158 
16.606606606606608 	 0.21421421421421427 
16.676676676676678 	 0.22355689022355696 
16.746746746746748 	 0.23289956623289965 
16.816816816816818 	 0.2422422422422421 
16.886886886886888 	 0.251584918251585 
16.956956956956958 	 0.2609275942609277 
17.027027027027028 	 0.2702702702702704 
17.097097097097098 	 0.27961294627961286 
17.167167167167168 	 0.28895562228895555 
17.237237237237238 	 0.29829829829829824 
17.30730730730731 	 0.30764097430764115 
17.37737737737738 	 0.3169836503169836 
17.44744744744745 	 0.3263263263263263 
17.51751751751752 	 0.335669002335669 
17.58758758758759 	 0.3450116783450117 
17.65765765765766 	 0.3543543543543546 
17.72772772772773 	 0.36369703036369705 
17.7977977977978 	 0.37303970637303974 
17.86786786786787 	 0.3823823823823824 
17.93793793793794 	 0.3917250583917249 
18.00800800800801 	 0.4010677344010676 
18.07807807807808 	 0.4104104104104105 
18.14814814814815 	 0.4197530864197532 
18.21821821821822 	 0.42909576242909586 
18.28828828828829 	 0.4384384384384383 
18.35835835835836 	 0.447781114447781 
18.42842842842843 	 0.4571237904571237 
18.4984984984985 	 0.4664664664664666 
18.56856856856857 	 0.4758091424758091 
18.63863863863864 	 0.48515181848515176 
18.70870870870871 	 0.49449449449449445 
18.77877877877878 	 0.5038371705038371 
18.84884884884885 	 0.5131798465131796 
18.91891891891892 	 0.5225225225225225 
18.98898898898899 	 0.5318651985318652 
19.05905905905906 	 0.5412078745412079 
19.12912912912913 	 0.5505505505505508 
19.1991991991992 	 0.559893226559893 
19.26926926926927 	 0.569235902569236 
19.33933933933934 	 0.5785785785785784 
19.40940940940941 	 0.5879212545879213 
19.47947947947948 	 0.5972639305972636 
19.54954954954955 	 0.6066066066066065 
19.61961961961962 	 0.6159492826159494 
19.68968968968969 	 0.6252919586252916 
19.75975975975976 	 0.6346346346346345 
19.82982982982983 	 0.643977310643977 
19.8998998998999 	 0.6533199866533199 
19.96996996996997 	 0.6626626626626628 
20.04004004004004 	 0.6720053386720051 
20.11011011011011 	 0.681348014681348 
20.18018018018018 	 0.6906906906906904 
20.25025025025025 	 0.7000333667000334 
20.32032032032032 	 0.7093760427093763 
20.39039039039039 	 0.7187187187187185 
20.46046046046046 	 0.7280613947280614 
20.53053053053053 	 0.7374040707374037 
20.6006006006006 	 0.7467467467467466 
20.67067067067067 	 0.756089422756089 
20.74074074074074 	 0.765432098765432 
20.81081081081081 	 0.7747747747747749 
20.88088088088088 	 0.7841174507841171 
20.95095095095095 	 0.79346012679346 
21.02102102102102 	 0.8028028028028025 
21.09109109109109 	 0.8121454788121454 
21.16116116116116 	 0.8214881548214883 
21.23123123123123 	 0.8308308308308305 
21.3013013013013 	 0.8401735068401734 
21.37137137137137 	 0.8495161828495159 
21.44144144144144 	 0.8588588588588588 
21.51151151151151 	 0.8682015348682011 
21.58158158158158 	 0.877544210877544 
21.65165165165165 	 0.8868868868868869 
21.72172172172172 	 0.8962295628962291 
21.79179179179179 	 0.905572238905572 
21.86186186186186 	 0.9149149149149145 
21.93193193193193 	 0.9242575909242574 
22.002002002002 	 0.9336002669336003 
22.07207207207207 	 0.9429429429429426 
22.14214214214214 	 0.9522856189522855 
22.21221221221221 	 0.9616282949616279 
22.28228228228228 	 0.9709709709709708 
22.35235235235235 	 0.9803136469803138 
22.42242242242242 	 0.989656322989656 
22.492492492492495 	 0.9989989989989996 
22.562562562562565 	 0.9916583249916582 
22.632632632632635 	 0.9823156489823153 
22.702702702702705 	 0.9729729729729729 
22.772772772772775 	 0.96363029696363 
22.842842842842845 	 0.9542876209542877 
22.912912912912915 	 0.9449449449449447 
22.982982982982985 	 0.9356022689356018 
23.053053053053056 	 0.9262595929262595 
23.123123123123126 	 0.9169169169169166 
23.193193193193196 	 0.9075742409075742 
23.263263263263266 	 0.8982315648982313 
23.333333333333336 	 0.8888888888888884 
23.403403403403406 	 0.8795462128795462 
23.473473473473476 	 0.8702035368702032 
23.543543543543546 	 0.8608608608608609 
23.613613613613616 	 0.851518184851518 
23.683683683683686 	 0.8421755088421756 
23.753753753753756 	 0.8328328328328327 
23.823823823823826 	 0.8234901568234898 
23.893893893893896 	 0.8141474808141475 
23.963963963963966 	 0.8048048048048045 
24.034034034034036 	 0.7954621287954622 
24.104104104104106 	 0.7861194527861193 
24.174174174174176 	 0.7767767767767764 
24.244244244244246 	 0.767434100767434 
24.314314314314316 	 0.7580914247580911 
24.384384384384386 	 0.7487487487487489 
24.454454454454456 	 0.739406072739406 
24.524524524524526 	 0.7300633967300636 
24.594594594594597 	 0.7207207207207207 
24.664664664664667 	 0.7113780447113778 
24.734734734734737 	 0.7020353687020354 
24.804804804804807 	 0.6926926926926925 
24.874874874874877 	 0.6833500166833502 
24.944944944944947 	 0.6740073406740072 
25.015015015015017 	 0.6646646646646643 
25.085085085085087 	 0.655321988655322 
25.155155155155157 	 0.6459793126459791 
25.225225225225227 	 0.6366366366366367 
25.295295295295297 	 0.6272939606272938 
25.365365365365367 	 0.6179512846179509 
25.435435435435437 	 0.6086086086086085 
25.505505505505507 	 0.5992659325992657 
25.575575575575577 	 0.5899232565899234 
25.645645645645647 	 0.5805805805805805 
25.715715715715717 	 0.5712379045712381 
25.785785785785787 	 0.5618952285618952 
25.855855855855857 	 0.5525525525525523 
25.925925925925927 	 0.54320987654321 
25.995995995995997 	 0.533867200533867 
26.066066066066067 	 0.5245245245245247 
26.136136136136138 	 0.5151818485151818 
26.206206206206208 	 0.5058391725058389 
26.276276276276278 	 0.4964964964964966 
26.346346346346348 	 0.48715382048715367 
26.416416416416418 	 0.4778111444778113 
26.486486486486488 	 0.4684684684684684 
26.556556556556558 	 0.45912579245912605 
26.626626626626628 	 0.44978311644978314 
26.696696696696698 	 0.44044044044044023 
26.766766766766768 	 0.4310977644310979 
26.836836836836838 	 0.421755088421755 
26.906906906906908 	 0.41241241241241267 
26.976976976976978 	 0.40306973640306976 
27.047047047047048 	 0.39372706039372685 
27.117117117117118 	 0.3843843843843845 
27.187187187187188 	 0.3750417083750416 
27.25725725725726 	 0.36569903236569923 
27.32732732732733 	 0.3563563563563563 
27.3973973973974 	 0.34701368034701346 
27.46746746746747 	 0.3376710043376711 
27.53753753753754 	 0.3283283283283282 
27.60760760760761 	 0.31898565231898585 
27.67767767767768 	 0.30964297630964294 
27.74774774774775 	 0.3003003003003006 
27.81781781781782 	 0.2909576242909577 
27.88788788788789 	 0.28161494828161476 
27.95795795795796 	 0.27227227227227246 
28.02802802802803 	 0.26292959626292955 
28.0980980980981 	 0.2535869202535872 
28.16816816816817 	 0.2442442442442443 
28.23823823823824 	 0.23490156823490138 
28.30830830830831 	 0.22555889222555905 
28.37837837837838 	 0.21621621621621614 
28.44844844844845 	 0.2068735402068738 
28.51851851851852 	 0.19753086419753088 
28.58858858858859 	 0.18818818818818855 
28.65865865865866 	 0.17884551217884564 
28.72872872872873 	 0.16950283616950274 
28.7987987987988 	 0.1601601601601604 
28.86886886886887 	 0.1508174841508175 
28.93893893893894 	 0.14147480814147514 
29.00900900900901 	 0.13213213213213224 
29.07907907907908 	 0.12278945612278934 
29.14914914914915 	 0.113446780113447 
29.21921921921922 	 0.10410410410410409 
29.28928928928929 	 0.09476142809476175 
29.35935935935936 	 0.08541875208541884 
29.42942942942943 	 0.0760760760760765 
29.4994994994995 	 0.06673340006673359 
29.56956956956957 	 0.05739072405739069 
29.63963963963964 	 0.048048048048048346 
29.70970970970971 	 0.038705372038705436 
29.77977977977978 	 0.029362696029363096 
29.84984984984985 	 0.02002002002002019 
29.91991991991992 	 0.010677344010677284 
29.98998998998999 	 0.0013346680013349432 
30.06006006006006 	 -0.008008008008007963 
30.13013013013013 	 -0.017350684017350303 
30.2002002002002 	 -0.02669336002669321 
30.27027027027027 	 -0.03603603603603612 
30.34034034034034 	 -0.04537871204537846 
30.41041041041041 	 -0.05472138805472136 
30.48048048048048 	 -0.0640640640640637 
30.55055055055055 	 -0.07340674007340661 
30.62062062062062 	 -0.08274941608274895 
30.69069069069069 	 -0.09209209209209186 
30.76076076076076 	 -0.10143476810143477 
30.83083083083083 	 -0.11077744411077711 
30.9009009009009 	 -0.12012012012012001 
30.97097097097097 	 -0.12946279612946235 
31.04104104104104 	 -0.13880547213880526 
31.11111111111111 	 -0.14814814814814817 
31.18118118118118 	 -0.15749082415749052 
31.25125125125125 	 -0.1668335001668334 
31.32132132132132 	 -0.17617617617617576 
31.391391391391394 	 -0.18551885218551922 
31.461461461461464 	 -0.19486152819486158 
31.531531531531535 	 -0.2042042042042045 
31.601601601601605 	 -0.2135468802135468 
31.671671671671675 	 -0.22288955622288972 
31.741741741741745 	 -0.23223223223223263 
31.811811811811815 	 -0.24157490824157496 
31.881881881881885 	 -0.25091758425091787 
31.951951951951955 	 -0.2602602602602602 
32.02202202202202 	 -0.2696029362696026 
32.092092092092095 	 -0.27894561227894604 
32.16216216216216 	 -0.2882882882882878 
32.232232232232235 	 -0.2976309642976313 
32.3023023023023 	 -0.3069736403069736 
32.372372372372375 	 -0.3163163163163165 
32.44244244244244 	 -0.32565899232565887 
32.512512512512515 	 -0.3350016683350018 
32.58258258258258 	 -0.34434434434434413 
32.652652652652655 	 -0.35368702035368704 
32.72272272272272 	 -0.36302969636302934 
32.792792792792795 	 -0.37237237237237225 
32.86286286286286 	 -0.3817150483817146 
32.932932932932935 	 -0.39105772439105807 
33.003003003003 	 -0.40040040040039987 
33.073073073073076 	 -0.40974307640974333 
33.14314314314314 	 -0.4190857524190857 
33.213213213213216 	 -0.4284284284284286 
33.28328328328328 	 -0.4377711044377709 
33.353353353353356 	 -0.4471137804471138 
33.42342342342342 	 -0.45645645645645616 
33.493493493493496 	 -0.46579913246579907 
33.56356356356356 	 -0.4751418084751414 
33.633633633633636 	 -0.48448448448448433 
33.7037037037037 	 -0.4938271604938267 
33.773773773773776 	 -0.5031698365031702 
33.84384384384384 	 -0.512512512512512 
33.913913913913916 	 -0.5218551885218554 
33.98398398398398 	 -0.5311978645311978 
34.054054054054056 	 -0.5405405405405407 
34.12412412412412 	 -0.5498832165498829 
34.194194194194196 	 -0.5592258925592258 
34.26426426426426 	 -0.5685685685685682 
34.334334334334336 	 -0.5779112445779111 
34.4044044044044 	 -0.5872539205872535 
34.474474474474476 	 -0.5965965965965964 
34.54454454454454 	 -0.6059392726059387 
34.61461461461462 	 -0.6152819486152822 
34.68468468468468 	 -0.624624624624624 
34.75475475475476 	 -0.6339673006339674 
34.82482482482482 	 -0.6433099766433098 
34.8948948948949 	 -0.6526526526526527 
34.96496496496496 	 -0.6619953286619951 
35.03503503503504 	 -0.671338004671338 
35.1051051051051 	 -0.6806806806806803 
35.17517517517518 	 -0.6900233566900231 
35.24524524524524 	 -0.6993660326993655 
35.31531531531532 	 -0.708708708708709 
35.38538538538538 	 -0.7180513847180507 
35.45545545545546 	 -0.7273940607273942 
35.525525525525524 	 -0.736736736736736 
35.5955955955956 	 -0.7460794127460795 
35.665665665665664 	 -0.7554220887554218 
35.73573573573574 	 -0.7647647647647647 
35.805805805805804 	 -0.7741074407741071 
35.87587587587588 	 -0.78345011678345 
35.94594594594595 	 -0.7927927927927935 
36.01601601601602 	 -0.8021354688021353 
36.08608608608609 	 -0.8114781448114787 
36.15615615615616 	 -0.8208208208208211 
36.22622622622623 	 -0.830163496830164 
36.2962962962963 	 -0.8395061728395062 
36.36636636636637 	 -0.8488488488488491 
36.43643643643644 	 -0.8581915248581915 
36.50650650650651 	 -0.8675342008675344 
36.57657657657658 	 -0.8768768768768768 
36.64664664664665 	 -0.8862195528862197 
36.71671671671672 	 -0.895562228895562 
36.78678678678679 	 -0.9049049049049055 
36.85685685685686 	 -0.9142475809142473 
36.92692692692693 	 -0.9235902569235908 
36.996996996997 	 -0.9329329329329331 
37.06706706706707 	 -0.942275608942276 
37.13713713713714 	 -0.9516182849516184 
37.20720720720721 	 -0.9609609609609613 
37.27727727727728 	 -0.9703036369703036 
37.34734734734735 	 -0.9796463129796465 
37.41741741741742 	 -0.9889889889889888 
37.48748748748749 	 -0.9983316649983323 
37.55755755755756 	 -0.9923256589923259 
37.62762762762763 	 -0.9829829829829825 
37.6976976976977 	 -0.9736403069736407 
37.76776776776777 	 -0.9642976309642972 
37.83783783783784 	 -0.9549549549549549 
37.90790790790791 	 -0.945612278945612 
37.97797797797798 	 -0.9362696029362696 
38.04804804804805 	 -0.9269269269269267 
38.11811811811812 	 -0.9175842509175843 
38.18818818818819 	 -0.9082415749082414 
38.25825825825826 	 -0.8988988988988985 
38.32832832832833 	 -0.8895562228895556 
38.3983983983984 	 -0.8802135468802139 
38.46846846846847 	 -0.870870870870871 
38.53853853853854 	 -0.8615281948615281 
38.60860860860861 	 -0.8521855188521852 
38.67867867867868 	 -0.8428428428428434 
38.74874874874875 	 -0.8335001668334994 
38.81881881881882 	 -0.8241574908241576 
38.88888888888889 	 -0.8148148148148147 
38.95895895895896 	 -0.8054721388054729 
39.02902902902903 	 -0.7961294627961288 
39.0990990990991 	 -0.786786786786787 
39.16916916916917 	 -0.7774441107774441 
39.23923923923924 	 -0.7681014347681012 
39.30930930930931 	 -0.7587587587587583 
39.37937937937938 	 -0.7494160827494165 
39.44944944944945 	 -0.7400734067400736 
39.51951951951952 	 -0.7307307307307307 
39.58958958958959 	 -0.7213880547213878 
39.65965965965966 	 -0.7120453787120461 
39.72972972972973 	 -0.702702702702702 
39.7997997997998 	 -0.6933600266933603 
39.86986986986987 	 -0.6840173506840174 
39.93993993993994 	 -0.6746746746746745 
40.010010010010014 	 -0.6653319986653315 
40.08008008008008 	 -0.6559893226559897 
40.150150150150154 	 -0.6466466466466468 
40.22022022022022 	 -0.6373039706373039 
40.290290290290294 	 -0.627961294627961 
40.36036036036036 	 -0.6186186186186193 
40.430430430430434 	 -0.6092759426092752 
40.5005005005005 	 -0.5999332665999335 
40.570570570570574 	 -0.5905905905905906 
40.64064064064064 	 -0.5812479145812477 
40.710710710710714 	 -0.5719052385719048 
40.78078078078078 	 -0.562562562562563 
40.850850850850854 	 -0.5532198865532201 
40.92092092092092 	 -0.5438772105438772 
40.990990990990994 	 -0.5345345345345343 
41.06106106106106 	 -0.5251918585251925 
41.131131131131134 	 -0.5158491825158495 
41.2012012012012 	 -0.5065065065065066 
41.271271271271274 	 -0.49716383049716373 
41.34134134134134 	 -0.48782115448782193 
41.411411411411414 	 -0.4784784784784779 
41.48148148148148 	 -0.4691358024691361 
41.551551551551555 	 -0.4597931264597932 
41.62162162162162 	 -0.4504504504504503 
41.691691691691695 	 -0.4411077744411074 
41.76176176176176 	 -0.4317650984317657 
41.831831831831835 	 -0.4224224224224228 
41.9019019019019 	 -0.4130797464130799 
41.971971971971975 	 -0.40373707040373696 
42.04204204204204 	 -0.39439439439439516 
42.112112112112115 	 -0.38505171838505114 
42.18218218218218 	 -0.37570904237570935 
42.252252252252255 	 -0.36636636636636644 
42.32232232232232 	 -0.3570236903570235 
42.392392392392395 	 -0.3476810143476806 
42.46246246246246 	 -0.3383383383383388 
42.532532532532535 	 -0.3289956623289959 
42.6026026026026 	 -0.319652986319653 
42.672672672672675 	 -0.3103103103103101 
42.74274274274274 	 -0.3009676343009684 
42.812812812812815 	 -0.29162495829162427 
42.88288288288288 	 -0.2822822822822826 
42.952952952952955 	 -0.27293960627293967 
43.02302302302302 	 -0.2635969302635979 
43.093093093093096 	 -0.25425425425425385 
43.16316316316316 	 -0.24491157824491205 
43.233233233233236 	 -0.23556890223556914 
43.3033033033033 	 -0.22622622622622623 
43.373373373373376 	 -0.21688355021688333 
43.44344344344344 	 -0.20754087420754153 
43.513513513513516 	 -0.19819819819819862 
43.58358358358358 	 -0.1888555221888557 
43.653653653653656 	 -0.1795128461795128 
43.72372372372372 	 -0.1701701701701711 
43.793793793793796 	 -0.16082749416082698 
43.86386386386386 	 -0.1514848181514853 
43.933933933933936 	 -0.14214214214214238 
44.004004004004 	 -0.13279946613279947 
44.074074074074076 	 -0.12345679012345656 
44.14414414414414 	 -0.11411411411411476 
44.214214214214216 	 -0.10477143810477185 
44.28428428428428 	 -0.09542876209542894 
44.354354354354356 	 -0.08608608608608603 
44.42442442442442 	 -0.07674341007674423 
44.4944944944945 	 -0.06740073406740021 
44.56456456456456 	 -0.058058058058058415 
44.63463463463464 	 -0.048715382048715505 
44.7047047047047 	 -0.039372706039372596 
44.77477477477478 	 -0.030030030030029686 
44.84484484484484 	 -0.020687354020687998 
44.91491491491492 	 -0.011344678011345088 
44.98498498498499 	 -0.0020020020020009577 
45.05505505505506 	 0.007340674007340731 
45.12512512512513 	 0.01668335001668364 
45.1951951951952 	 0.02602602602602544 
45.26526526526527 	 0.03536870203536946 
45.33533533533534 	 0.04471137804471126 
45.40540540540541 	 0.05405405405405417 
45.47547547547548 	 0.06339673006339708 
45.54554554554555 	 0.07273940607273999 
45.61561561561562 	 0.08208208208208179 
45.68568568568569 	 0.0914247580914247 
45.75575575575576 	 0.1007674341007676 
45.82582582582583 	 0.11011011011011052 
45.8958958958959 	 0.11945278611945231 
45.96596596596597 	 0.12879546212879633 
46.03603603603604 	 0.13813813813813813 
46.10610610610611 	 0.14748081414748104 
46.17617617617618 	 0.15682349015682395 
46.24624624624625 	 0.16616616616616686 
46.31631631631632 	 0.17550884217550866 
46.38638638638639 	 0.18485151818485157 
46.45645645645646 	 0.19419419419419448 
46.52652652652653 	 0.2035368702035374 
46.5965965965966 	 0.21287954621287897 
46.66666666666667 	 0.2222222222222232 
46.73673673673674 	 0.2315648982315648 
46.80680680680681 	 0.2409075742409077 
46.87687687687688 	 0.2502502502502495 
46.94694694694695 	 0.2595929262595935 
47.01701701701702 	 0.2689356022689353 
47.08708708708709 	 0.2782782782782782 
47.15715715715716 	 0.28762095428762113 
47.22722722722723 	 0.29696363029696404 
47.2972972972973 	 0.30630630630630584 
47.36736736736737 	 0.31564898231564875 
47.43743743743744 	 0.32499165832499166 
47.50750750750751 	 0.33433433433433457 
47.57757757757758 	 0.34367701034367637 
47.64764764764765 	 0.3530196863530204 
47.71771771771772 	 0.3623623623623622 
47.78778778778779 	 0.3717050383717051 
47.85785785785786 	 0.381047714381048 
47.92792792792793 	 0.3903903903903909 
47.997997997998 	 0.3997330663997327 
48.06806806806807 	 0.4090757424090756 
48.13813813813814 	 0.41841841841841854 
48.20820820820821 	 0.42776109442776145 
48.27827827827828 	 0.43710377043710325 
48.34834834834835 	 0.44644644644644726 
48.41841841841842 	 0.45578912245578906 
48.48848848848849 	 0.465131798465132 
48.55855855855856 	 0.4744744744744749 
48.62862862862863 	 0.4838171504838178 
48.6986986986987 	 0.49315982649315937 
48.76876876876877 	 0.5025025025025023 
48.83883883883884 	 0.5118451785118452 
48.90890890890891 	 0.5211878545211881 
48.97897897897898 	 0.5305305305305299 
49.04904904904905 	 0.5398732065398728 
49.11911911911912 	 0.5492158825492157 
49.18918918918919 	 0.5585585585585586 
49.25925925925926 	 0.5679012345679004 
49.32932932932933 	 0.5772439105772444 
49.3993993993994 	 0.5865865865865862 
49.46946946946947 	 0.5959292625959292 
49.53953953953954 	 0.6052719386052721 
49.60960960960961 	 0.614614614614615 
49.67967967967968 	 0.6239572906239568 
49.74974974974975 	 0.6332999666332997 
49.81981981981982 	 0.6426426426426426 
49.88988988988989 	 0.6519853186519855 
49.95995995995996 	 0.6613279946613273 
50.030030030030034 	 0.6706706706706713 
50.1001001001001 	 0.6800133466800131 
50.170170170170174 	 0.689356022689356 
50.24024024024024 	 0.6986986986986989 
50.310310310310314 	 0.7080413747080418 
50.38038038038038 	 0.7173840507173836 
50.450450450450454 	 0.7267267267267266 
50.52052052052052 	 0.7360694027360695 
50.590590590590594 	 0.7454120787454124 
50.66066066066066 	 0.7547547547547542 
50.730730730730734 	 0.7640974307640982 
50.8008008008008 	 0.77344010677344 
50.870870870870874 	 0.7827827827827829 
50.94094094094094 	 0.7921254587921245 
51.011011011011014 	 0.8014681348014685 
51.08108108108108 	 0.8108108108108103 
51.151151151151154 	 0.8201534868201532 
51.22122122122122 	 0.8294961628294961 
51.291291291291294 	 0.838838838838839 
51.36136136136136 	 0.8481815148481808 
51.431431431431434 	 0.8575241908575237 
51.5015015015015 	 0.8668668668668666 
51.571571571571575 	 0.8762095428762096 
51.64164164164164 	 0.8855522188855514 
51.711711711711715 	 0.8948948948948954 
51.78178178178178 	 0.9042375709042372 
51.851851851851855 	 0.9135802469135801 
51.92192192192192 	 0.922922922922923 
51.991991991991995 	 0.9322655989322659 
52.06206206206206 	 0.9416082749416077 
52.132132132132135 	 0.9509509509509506 
52.2022022022022 	 0.9602936269602935 
52.272272272272275 	 0.9696363029696364 
52.34234234234234 	 0.9789789789789782 
52.412412412412415 	 0.9883216549883223 
52.48248248248248 	 0.997664330997664 
52.552552552552555 	 0.9929929929929932 
52.62262262262262 	 0.9836503169836502 
52.692692692692695 	 0.9743076409743073 
52.76276276276276 	 0.9649649649649655 
52.832832832832835 	 0.9556222889556226 
52.9029029029029 	 0.9462796129462797 
52.972972972972975 	 0.9369369369369368 
53.04304304304304 	 0.927594260927595 
53.113113113113116 	 0.9182515849182521 
53.18318318318318 	 0.9089089089089092 
53.253253253253256 	 0.8995662328995663 
53.32332332332332 	 0.8902235568902245 
53.393393393393396 	 0.8808808808808805 
53.46346346346346 	 0.8715382048715387 
53.533533533533536 	 0.8621955288621957 
53.6036036036036 	 0.852852852852853 
53.673673673673676 	 0.84351017684351 
53.74374374374374 	 0.8341675008341682 
53.813813813813816 	 0.8248248248248253 
53.88388388388389 	 0.8154821488154813 
53.953953953953956 	 0.8061394728061395 
54.02402402402403 	 0.7967967967967966 
54.094094094094096 	 0.7874541207874537 
54.16416416416417 	 0.7781114447781108 
54.234234234234236 	 0.768768768768769 
54.30430430430431 	 0.7594260927594261 
54.374374374374376 	 0.7500834167500832 
54.44444444444445 	 0.7407407407407403 
54.51451451451452 	 0.7313980647313985 
54.58458458458459 	 0.7220553887220544 
54.65465465465466 	 0.7127127127127126 
54.72472472472473 	 0.7033700367033698 
54.7947947947948 	 0.6940273606940269 
54.86486486486487 	 0.684684684684684 
54.93493493493494 	 0.6753420086753422 
55.00500500500501 	 0.6659993326659993 
55.07507507507508 	 0.6566566566566564 
55.14514514514515 	 0.6473139806473135 
55.21521521521522 	 0.6379713046379717 
55.28528528528529 	 0.6286286286286288 
55.35535535535536 	 0.6192859526192859 
55.42542542542543 	 0.609943276609943 
55.4954954954955 	 0.6006006006006012 
55.56556556556557 	 0.5912579245912571 
55.63563563563564 	 0.5819152485819153 
55.70570570570571 	 0.5725725725725724 
55.77577577577578 	 0.5632298965632295 
55.84584584584585 	 0.5538872205538867 
55.91591591591592 	 0.5445445445445449 
55.98598598598599 	 0.535201868535202 
56.05605605605606 	 0.5258591925258591 
56.12612612612613 	 0.5165165165165162 
56.1961961961962 	 0.5071738405071744 
56.26626626626627 	 0.4978311644978304 
56.33633633633634 	 0.4884884884884886 
56.40640640640641 	 0.47914581247914567 
56.47647647647648 	 0.46980313646980276 
56.54654654654655 	 0.46046046046045985 
56.61661661661662 	 0.4511177844511181 
56.68668668668669 	 0.4417751084417752 
56.75675675675676 	 0.4324324324324323 
56.82682682682683 	 0.4230897564230894 
56.8968968968969 	 0.4137470804137476 
56.96696696696697 	 0.40440440440440356 
57.03703703703704 	 0.39506172839506176 
57.10710710710711 	 0.38571905238571885 
57.17717717717718 	 0.3763763763763771 
57.24724724724725 	 0.3670337003670331 
57.31731731731732 	 0.3576910243576913 
57.38738738738739 	 0.3483483483483484 
57.45745745745746 	 0.33900567233900547 
57.52752752752753 	 0.32966299632966256 
57.5975975975976 	 0.3203203203203208 
57.66766766766767 	 0.3109776443109779 
57.73773773773774 	 0.301634968301635 
57.80780780780781 	 0.2922922922922921 
57.87787787787788 	 0.2829496162829503 
57.94794794794795 	 0.27360694027360627 
58.01801801801802 	 0.26426426426426447 
58.08808808808809 	 0.25492158825492156 
58.15815815815816 	 0.24557891224557868 
58.22822822822823 	 0.23623623623623577 
58.2982982982983 	 0.226893560226894 
58.36836836836837 	 0.2175508842175511 
58.43843843843844 	 0.20820820820820818 
58.50850850850851 	 0.19886553219886527 
58.57857857857858 	 0.1895228561895235 
58.64864864864865 	 0.18018018018017945 
58.71871871871872 	 0.17083750417083768 
58.78878878878879 	 0.16149482816149477 
58.85885885885886 	 0.152152152152153 
58.92892892892893 	 0.14280947614280895 
58.998998998999 	 0.13346680013346718 
59.06906906906907 	 0.12412412412412428 
59.13913913913914 	 0.11478144811478137 
59.20920920920921 	 0.10543877210543846 
59.27927927927928 	 0.09609609609609669 
59.34934934934935 	 0.08675342008675378 
59.41941941941942 	 0.07741074407741087 
59.48948948948949 	 0.06806806806806798 
59.55955955955956 	 0.05872539205872619 
59.62962962962963 	 0.04938271604938216 
59.6996996996997 	 0.04004004004004038 
59.76976976976977 	 0.030697364030697474 
59.83983983983984 	 0.021354688021354568 
59.90990990990991 	 0.012012012012011661 
59.97997997997998 	 0.0026693360026698865 
60.050050050050054 	 -0.00667334000667302 
60.12012012012012 	 -0.016016016016015926 
60.190190190190194 	 -0.025358692025358832 
60.26026026026026 	 -0.03470136803470061 
60.330330330330334 	 -0.04404404404404465 
60.4004004004004 	 -0.05338672005338642 
60.470470470470474 	 -0.06272939606272933 
60.54054054054054 	 -0.07207207207207224 
60.610610610610614 	 -0.08141474808141515 
60.68068068068068 	 -0.09075742409075692 
60.750750750750754 	 -0.10010010010009983 
60.82082082082082 	 -0.10944277610944272 
60.890890890890894 	 -0.11878545211878563 
60.96096096096096 	 -0.1281281281281274 
61.031031031031034 	 -0.13747080413747031 
61.1011011011011 	 -0.14681348014681322 
61.171171171171174 	 -0.15615615615615613 
61.24124124124124 	 -0.1654988321654979 
61.311311311311314 	 -0.17484150817484195 
61.38138138138138 	 -0.18418418418418372 
61.451451451451454 	 -0.19352686019352663 
61.52152152152152 	 -0.20286953620286954 
61.591591591591595 	 -0.21221221221221245 
61.66166166166166 	 -0.22155488822155422 
61.731731731731735 	 -0.23089756423089713 
61.8018018018018 	 -0.24024024024024002 
61.871871871871875 	 -0.24958291624958293 
61.94194194194194 	 -0.2589255922589247 
62.012012012012015 	 -0.2682682682682688 
62.08208208208208 	 -0.2776109442776105 
62.152152152152155 	 -0.2869536202869534 
62.22222222222222 	 -0.29629629629629634 
62.292292292292295 	 -0.30563897230563924 
62.36236236236236 	 -0.31498164831498104 
62.432432432432435 	 -0.32432432432432395 
62.5025025025025 	 -0.3336670003336668 
62.572572572572575 	 -0.3430096763430097 
62.64264264264264 	 -0.3523523523523515 
62.712712712712715 	 -0.36169502836169554 
62.78278278278279 	 -0.37103770437103845 
62.852852852852855 	 -0.38038038038038025 
62.92292292292293 	 -0.38972305638972315 
62.992992992992995 	 -0.39906573239906606 
63.06306306306307 	 -0.408408408408409 
63.133133133133136 	 -0.4177510844177507 
63.20320320320321 	 -0.4270937604270936 
63.273273273273276 	 -0.43643643643643654 
63.34334334334335 	 -0.44577911244577945 
63.413413413413416 	 -0.45512178845512125 
63.48348348348349 	 -0.46446446446446527 
63.553553553553556 	 -0.47380714047380706 
63.62362362362363 	 -0.4831498164831499 
63.693693693693696 	 -0.49249249249249283 
63.76376376376377 	 -0.5018351685018357 
63.833833833833836 	 -0.5111778445111775 
63.90390390390391 	 -0.5205205205205204 
63.973973973973976 	 -0.5298631965298634 
64.04404404404404 	 -0.5392058725392052 
64.11411411411412 	 -0.5485485485485481 
64.18418418418419 	 -0.5578912245578921 
64.25425425425426 	 -0.567233900567235 
64.32432432432432 	 -0.5765765765765756 
64.3943943943944 	 -0.5859192525859197 
64.46446446446447 	 -0.5952619285952626 
64.53453453453454 	 -0.6046046046046055 
64.6046046046046 	 -0.6139472806139472 
64.67467467467468 	 -0.6232899566232901 
64.74474474474475 	 -0.632632632632633 
64.81481481481482 	 -0.6419753086419759 
64.88488488488488 	 -0.6513179846513177 
64.95495495495496 	 -0.6606606606606606 
65.02502502502503 	 -0.6700033366700036 
65.0950950950951 	 -0.6793460126793465 
65.16516516516516 	 -0.6886886886886883 
65.23523523523524 	 -0.6980313646980312 
65.30530530530531 	 -0.7073740407073741 
65.37537537537538 	 -0.716716716716717 
65.44544544544544 	 -0.7260593927260587 
65.51551551551552 	 -0.7354020687354016 
65.58558558558559 	 -0.7447447447447445 
65.65565565565566 	 -0.7540874207540886 
65.72572572572572 	 -0.7634300967634292 
65.7957957957958 	 -0.7727727727727721 
65.86586586586587 	 -0.7821154487821161 
65.93593593593594 	 -0.791458124791459 
66.006006006006 	 -0.8008008008007997 
66.07607607607608 	 -0.8101434768101438 
66.14614614614615 	 -0.8194861528194867 
66.21621621621622 	 -0.8288288288288296 
66.28628628628628 	 -0.8381715048381714 
66.35635635635636 	 -0.8475141808475143 
66.42642642642643 	 -0.8568568568568572 
66.4964964964965 	 -0.8661995328662001 
66.56656656656656 	 -0.8755422088755418 
66.63663663663664 	 -0.8848848848848847 
66.70670670670671 	 -0.8942275608942276 
66.77677677677679 	 -0.9035702369035705 
66.84684684684684 	 -0.9129129129129123 
66.91691691691692 	 -0.9222555889222552 
66.98698698698699 	 -0.9315982649315981 
67.05705705705707 	 -0.9409409409409422 
67.12712712712712 	 -0.9502836169502829 
67.1971971971972 	 -0.9596262929596258 
67.26726726726727 	 -0.9689689689689687 
67.33733733733735 	 -0.9783116449783127 
67.4074074074074 	 -0.9876543209876534 
67.47747747747748 	 -0.9969969969969963 
67.54754754754755 	 -0.9936603269936597 
67.61761761761763 	 -0.9843176509843168 
67.68768768768768 	 -0.9749749749749762 
67.75775775775776 	 -0.9656322989656322 
67.82782782782783 	 -0.9562896229562893 
67.8978978978979 	 -0.9469469469469464 
67.96796796796797 	 -0.9376042709376046 
68.03803803803804 	 -0.9282615949282617 
68.10810810810811 	 -0.9189189189189187 
68.17817817817819 	 -0.9095762429095758 
68.24824824824825 	 -0.900233566900234 
68.31831831831832 	 -0.8908908908908911 
68.38838838838839 	 -0.8815482148815482 
68.45845845845847 	 -0.8722055388722053 
68.52852852852853 	 -0.8628628628628636 
68.5985985985986 	 -0.8535201868535207 
68.66866866866867 	 -0.8441775108441778 
68.73873873873875 	 -0.8348348348348337 
68.8088088088088 	 -0.8254921588254931 
68.87887887887888 	 -0.8161494828161502 
68.94894894894895 	 -0.8068068068068073 
69.01901901901903 	 -0.7974641307974633 
69.08908908908909 	 -0.7881214547881226 
69.15915915915916 	 -0.7787787787787797 
69.22922922922923 	 -0.7694361027694356 
69.2992992992993 	 -0.7600934267600927 
69.36936936936937 	 -0.750750750750752 
69.43943943943944 	 -0.741408074741408 
69.50950950950951 	 -0.7320653987320651 
69.57957957957959 	 -0.7227227227227222 
69.64964964964965 	 -0.7133800467133804 
69.71971971971972 	 -0.7040373707040375 
69.7897897897898 	 -0.6946946946946946 
69.85985985985987 	 -0.6853520186853517 
69.92992992992993 	 -0.6760093426760099 
70.0 	 -0.666666666666667 
